model BasicBuilder -ndm 3 -ndf 6

node 1 3.27919190238 1.97928094162 0.790146300795 -mass 0 0 0 0 0 0
node 2 3.25851393282 1.95467833598 0.79872252993 -mass 0 0 0 0 0 0
node 3 3.24981392489 1.95582764127 0.785391286428 -mass 0 0 0 0 0 0
node 4 3.27099156362 1.98052596783 0.776801179717 -mass 0 0 0 0 0 0
node 5 3.24458386466 1.93557094619 0.803890935081 -mass 0 0 0 0 0 0
node 6 3.23524787784 1.93654726750 0.790606887658 -mass 0 0 0 0 0 0
node 7 3.23634053360 1.91966987506 0.806279351709 -mass 0 0 0 0 0 0
node 8 3.22632935460 1.92035554927 0.793106985089 -mass 0 0 0 0 0 0
node 9 3.23272277536 1.90468622540 0.806515615271 -mass 0 0 0 0 0 0
node 10 3.22221028197 1.90492862330 0.79355624184 -mass 0 0 0 0 0 0
node 11 3.23820766601 1.95983881591 0.774751758572 -mass 0 0 0 0 0 0
node 12 3.26008234102 1.98487021592 0.76600485329 -mass 0 0 0 0 0 0
node 13 3.22252280279 1.93999577208 0.780190260728 -mass 0 0 0 0 0 0
node 14 3.21211349698 1.92291804603 0.782992893518 -mass 0 0 0 0 0 0
node 15 3.20699345149 1.90622607132 0.783877482197 -mass 0 0 0 0 0 0
node 16 3.22522804704 1.96655615986 0.767542471235 -mass 0 0 0 0 0 0
node 17 3.24783021924 1.99192445164 0.758613378041 -mass 0 0 0 0 0 0
node 18 3.20800990842 1.94607429822 0.773236304125 -mass 0 0 0 0 0 0
node 19 3.19488790377 1.92779318528 0.776408210318 -mass 0 0 0 0 0 0
node 20 3.18728624868 1.90880681022 0.77798761596 -mass 0 0 0 0 0 0
node 21 3.21250537683 1.97587944332 0.764496653988 -mass 0 0 0 0 0 0
node 22 3.23560118292 2.00129944070 0.755482810499 -mass 0 0 0 0 0 0
node 23 3.19408980753 1.95538444639 0.770297905289 -mass 0 0 0 0 0 0
node 24 3.17788773078 1.93700252423 0.773650956023 -mass 0 0 0 0 0 0
node 25 3.15809798799 1.91406581606 0.776798151331 -mass 0 0 0 0 0 0
node 26 3.20147586834 1.98745667824 0.766123035681 -mass 0 0 0 0 0 0
node 27 3.22463510496 2.01244371668 0.757204332389 -mass 0 0 0 0 0 0
node 28 3.18285355512 1.96807218746 0.771759896719 -mass 0 0 0 0 0 0
node 29 3.16627548937 1.95267498505 0.774750943339 -mass 0 0 0 0 0 0
node 30 3.14866605707 1.94229690815 0.775752757008 -mass 0 0 0 0 0 0
node 31 3.19270193293 1.99987337323 0.772037637572 -mass 0 0 0 0 0 0
node 32 3.21566741136 2.02415688436 0.763309626231 -mass 0 0 0 0 0 0
node 33 3.17445463107 1.98201721163 0.777377253549 -mass 0 0 0 0 0 0
node 34 3.15864979825 1.96939188211 0.779908411431 -mass 0 0 0 0 0 0
node 35 3.14293093094 1.96172254653 0.780196388261 -mass 0 0 0 0 0 0
node 36 3.18653812075 2.01147530351 0.781631158644 -mass 0 0 0 0 0 0
node 37 3.20930741638 2.03507631638 0.773065499741 -mass 0 0 0 0 0 0
node 38 3.16864683480 1.99473977862 0.786730323589 -mass 0 0 0 0 0 0
node 39 3.15346269653 1.98364854168 0.788932041316 -mass 0 0 0 0 0 0
node 40 3.13880474446 1.97709560260 0.788803526039 -mass 0 0 0 0 0 0
node 41 3.18338133856 2.02071181414 0.794285716391 -mass 0 0 0 0 0 0
node 42 3.20616443428 2.04383938536 0.785738760635 -mass 0 0 0 0 0 0
node 43 3.16552281892 2.00458870675 0.799330802714 -mass 0 0 0 0 0 0
node 44 3.15047634509 1.99416605981 0.801413637818 -mass 0 0 0 0 0 0
node 45 3.13612938684 1.98813986993 0.801073839916 -mass 0 0 0 0 0 0
node 46 3.18354224815 2.02632447269 0.809202326809 -mass 0 0 0 0 0 0
node 47 3.20668182367 2.04931359522 0.800446545451 -mass 0 0 0 0 0 0
node 48 3.16522739294 2.01037029332 0.814500939986 -mass 0 0 0 0 0 0
node 49 3.14967732194 2.00012927631 0.816815250485 -mass 0 0 0 0 0 0
node 50 3.13485932070 1.99431524602 0.816517522934 -mass 0 0 0 0 0 0
node 51 3.18694417455 2.02812016690 0.824866181404 -mass 0 0 0 0 0 0
node 52 3.21063912065 2.05128697507 0.815707306017 -mass 0 0 0 0 0 0
node 53 3.16777514056 2.01189219286 0.83087384913 -mass 0 0 0 0 0 0
node 54 3.15103758476 2.00131675820 0.834182183425 -mass 0 0 0 0 0 0
node 55 3.13485484630 1.99539240947 0.834438251493 -mass 0 0 0 0 0 0
node 56 3.19343117935 2.02617854002 0.839564373538 -mass 0 0 0 0 0 0
node 57 3.21764990566 2.04977768531 0.829889822981 -mass 0 0 0 0 0 0
node 58 3.17328865483 2.00926380270 0.846757223912 -mass 0 0 0 0 0 0
node 59 3.15482724243 1.99770027335 0.852241286342 -mass 0 0 0 0 0 0
node 60 3.13595143606 1.99101374519 0.85438253139 -mass 0 0 0 0 0 0
node 61 3.20291760704 2.02060493702 0.851507428513 -mass 0 0 0 0 0 0
node 62 3.22732775916 2.04480388635 0.84136287699 -mass 0 0 0 0 0 0
node 63 3.18245279195 2.00280013405 0.859846213595 -mass 0 0 0 0 0 0
node 64 3.16318436181 1.98974968624 0.868176340691 -mass 0 0 0 0 0 0
node 65 3.13809164700 1.97789171308 0.880245212859 -mass 0 0 0 0 0 0
node 66 3.21506267743 2.01171470501 0.859180899609 -mass 0 0 0 0 0 0
node 67 3.23911308874 2.03658869988 0.848754096383 -mass 0 0 0 0 0 0
node 68 3.19551665490 1.99299456184 0.868127255039 -mass 0 0 0 0 0 0
node 69 3.17879485894 1.97887105489 0.877637764022 -mass 0 0 0 0 0 0
node 70 3.16557178681 1.96731606028 0.890538368615 -mass 0 0 0 0 0 0
node 71 3.22843482883 2.00063749788 0.862247020083 -mass 0 0 0 0 0 0
node 72 3.25175361060 2.02617509281 0.851726500259 -mass 0 0 0 0 0 0
node 73 3.21042407062 1.98084830194 0.871364480021 -mass 0 0 0 0 0 0
node 74 3.19639538732 1.96535613203 0.88109099936 -mass 0 0 0 0 0 0
node 75 3.18560749124 1.95337180270 0.893717056301 -mass 0 0 0 0 0 0
node 76 3.24135363161 1.98873277838 0.860649756498 -mass 0 0 0 0 0 0
node 77 3.26382386809 2.01481099333 0.850201955406 -mass 0 0 0 0 0 0
node 78 3.22473316662 1.96769938787 0.869666950546 -mass 0 0 0 0 0 0
node 79 3.21256729829 1.94988751371 0.879314856064 -mass 0 0 0 0 0 0
node 80 3.20263891995 1.93569754788 0.892256061199 -mass 0 0 0 0 0 0
node 81 3.25223396598 1.97746493801 0.854283328672 -mass 0 0 0 0 0 0
node 82 3.27389840453 2.00374432964 0.844102328613 -mass 0 0 0 0 0 0
node 83 3.23676454897 1.95572528291 0.862745754641 -mass 0 0 0 0 0 0
node 84 3.22616304901 1.9356285028 0.871372864883 -mass 0 0 0 0 0 0
node 85 3.21783942784 1.90978905179 0.884135491996 -mass 0 0 0 0 0 0
node 86 3.25973847842 1.96810534767 0.843343814498 -mass 0 0 0 0 0 0
node 87 3.28076210227 1.99409600406 0.83362692359 -mass 0 0 0 0 0 0
node 88 3.24521615931 1.94680021740 0.850682276179 -mass 0 0 0 0 0 0
node 89 3.23614588746 1.92762177997 0.856523982467 -mass 0 0 0 0 0 0
node 90 3.23239987116 1.90828575025 0.859436894658 -mass 0 0 0 0 0 0
node 91 3.26342557092 1.96104836736 0.829284470928 -mass 0 0 0 0 0 0
node 92 3.28404119963 1.98647881550 0.820084791734 -mass 0 0 0 0 0 0
node 93 3.24953280318 1.94074606024 0.835437056415 -mass 0 0 0 0 0 0
node 94 3.24132005003 1.92329627915 0.839094605044 -mass 0 0 0 0 0 0
node 95 3.23803192306 1.90663055698 0.840028843859 -mass 0 0 0 0 0 0
node 96 3.26308221848 1.95648606310 0.813853603112 -mass 0 0 0 0 0 0
node 97 3.28357227389 1.98137853701 0.805062421362 -mass 0 0 0 0 0 0
node 98 3.24938307546 1.93700726012 0.819286453409 -mass 0 0 0 0 0 0
node 99 3.24138821216 1.92069656393 0.821925327571 -mass 0 0 0 0 0 0
node 100 3.23804692815 1.90533430392 0.82223703969 -mass 0 0 0 0 0 0
node 101 3.41846281963 2.13324892824 0.726665105307 -mass 0 0 0 0 0 0
node 102 3.37876442425 2.08989186094 0.745057691331 -mass 0 0 0 0 0 0
node 103 3.37110065521 2.09123008637 0.731703205201 -mass 0 0 0 0 0 0
node 104 3.41080756757 2.13458863302 0.713310470525 -mass 0 0 0 0 0 0
node 105 3.34101829529 2.04848082190 0.762441362494 -mass 0 0 0 0 0 0
node 106 3.33329490740 2.04980869186 0.749087916925 -mass 0 0 0 0 0 0
node 107 3.30717669920 2.01096183938 0.777807203936 -mass 0 0 0 0 0 0
node 108 3.29929148868 2.01226160164 0.764456582748 -mass 0 0 0 0 0 0
node 109 3.36089651471 2.09590599273 0.720742874572 -mass 0 0 0 0 0 0
node 110 3.40061461885 2.13926980379 0.702347536655 -mass 0 0 0 0 0 0
node 111 3.32301242445 2.05444774730 0.738145808986 -mass 0 0 0 0 0 0
node 112 3.28879636193 2.01680063315 0.753563936393 -mass 0 0 0 0 0 0
node 113 3.34931174386 2.10328262055 0.713160152202 -mass 0 0 0 0 0 0
node 114 3.38904044087 2.14665154895 0.694761778617 -mass 0 0 0 0 0 0
node 115 3.31135350349 2.06178855378 0.730584336296 -mass 0 0 0 0 0 0
node 116 3.27693617641 2.02404421026 0.746060141406 -mass 0 0 0 0 0 0
node 117 3.33750608376 2.11272301036 0.709938490849 -mass 0 0 0 0 0 0
node 118 3.37724150103 2.15609297686 0.69153867133 -mass 0 0 0 0 0 0
node 119 3.29950080159 2.07122167684 0.727372796477 -mass 0 0 0 0 0 0
node 120 3.26495578961 2.03345760929 0.742876074324 -mass 0 0 0 0 0 0
node 121 3.32658449390 2.12350724761 0.711754061073 -mass 0 0 0 0 0 0
node 122 3.36632061732 2.16687149922 0.693355734385 -mass 0 0 0 0 0 0
node 123 3.28857426860 2.08204591839 0.729177916887 -mass 0 0 0 0 0 0
node 124 3.25401583958 2.04439043395 0.74465283095 -mass 0 0 0 0 0 0
node 125 3.31743280730 2.13458359743 0.718053904653 -mass 0 0 0 0 0 0
node 126 3.35716601020 2.17793774082 0.699658666055 -mass 0 0 0 0 0 0
node 127 3.27944302567 2.09319302575 0.735456143829 -mass 0 0 0 0 0 0
node 128 3.2449400866 2.05572959749 0.750872384162 -mass 0 0 0 0 0 0
node 129 3.31088207538 2.14481736987 0.727977781168 -mass 0 0 0 0 0 0
node 130 3.35061225071 2.18816062977 0.709585209285 -mass 0 0 0 0 0 0
node 131 3.27291348675 2.10350298259 0.745361353344 -mass 0 0 0 0 0 0
node 132 3.23846807151 2.06624634055 0.760726926104 -mass 0 0 0 0 0 0
node 133 3.30776334956 2.15307387496 0.740665450201 -mass 0 0 0 0 0 0
node 134 3.34749390991 2.19640909416 0.722273107019 -mass 0 0 0 0 0 0
node 135 3.26979206578 2.11181577256 0.758047421472 -mass 0 0 0 0 0 0
node 136 3.23533933516 2.07471190376 0.77340864892 -mass 0 0 0 0 0 0
node 137 3.30866305578 2.15839804493 0.7551466877 -mass 0 0 0 0 0 0
node 138 3.34839968465 2.20173088255 0.736750748529 -mass 0 0 0 0 0 0
node 139 3.27064929236 2.11715661362 0.772553830896 -mass 0 0 0 0 0 0
node 140 3.23608125983 2.08009799495 0.787983382138 -mass 0 0 0 0 0 0
node 141 3.31318911812 2.16055330067 0.770011335082 -mass 0 0 0 0 0 0
node 142 3.35293477501 2.20388902521 0.7516091084 -mass 0 0 0 0 0 0
node 143 3.27511215854 2.11929166094 0.787462490853 -mass 0 0 0 0 0 0
node 144 3.24037259361 2.08217819080 0.803011504802 -mass 0 0 0 0 0 0
node 145 3.32070483518 2.15948268527 0.783739250131 -mass 0 0 0 0 0 0
node 146 3.36045850688 2.20282537289 0.765329807545 -mass 0 0 0 0 0 0
node 147 3.28257177205 2.11817230394 0.801240917226 -mass 0 0 0 0 0 0
node 148 3.24767992602 2.08092653519 0.816927033339 -mass 0 0 0 0 0 0
node 149 3.33057350558 2.15512924179 0.79481029063 -mass 0 0 0 0 0 0
node 150 3.37033020612 2.19848177632 0.776394466877 -mass 0 0 0 0 0 0
node 151 3.29241924057 2.11374993207 0.812356625892 -mass 0 0 0 0 0 0
node 152 3.25746984659 2.07631707198 0.828163984176 -mass 0 0 0 0 0 0
node 153 3.34205894896 2.14762842631 0.801944974103 -mass 0 0 0 0 0 0
node 154 3.38181088940 2.19099230007 0.783525078352 -mass 0 0 0 0 0 0
node 155 3.30393800464 2.10616974204 0.819519813357 -mass 0 0 0 0 0 0
node 156 3.26907905253 2.06852143674 0.835404539616 -mass 0 0 0 0 0 0
node 157 3.35402706912 2.13788534693 0.80482645704 -mass 0 0 0 0 0 0
node 158 3.39376833650 2.18125986399 0.786405118099 -mass 0 0 0 0 0 0
node 159 3.31598083609 2.09635215958 0.82241139862 -mass 0 0 0 0 0 0
node 160 3.28132467180 2.05850163164 0.83832354548 -mass 0 0 0 0 0 0
node 161 3.36524429087 2.12699752474 0.803378555668 -mass 0 0 0 0 0 0
node 162 3.40497201800 2.17037960175 0.78495843329 -mass 0 0 0 0 0 0
node 163 3.32729283959 2.08541141769 0.820954981306 -mass 0 0 0 0 0 0
node 164 3.29289394004 2.04741725057 0.836844013465 -mass 0 0 0 0 0 0
node 165 3.37447703904 2.11606248083 0.797525086216 -mass 0 0 0 0 0 0
node 166 3.41419140446 2.15944664705 0.779108871098 -mass 0 0 0 0 0 0
node 167 3.33661911980 2.07446174936 0.815074161038 -mass 0 0 0 0 0 0
node 168 3.30247409290 2.03642788738 0.830888955269 -mass 0 0 0 0 0 0
node 169 3.38067724835 2.10611666366 0.787448081149 -mass 0 0 0 0 0 0
node 170 3.42038108220 2.14949610778 0.76903818984 -mass 0 0 0 0 0 0
node 171 3.34289305004 2.06454898681 0.80495288931 -mass 0 0 0 0 0 0
node 172 3.30894812283 2.02660484452 0.820647531173 -mass 0 0 0 0 0 0
node 173 3.38353889295 2.09795223111 0.77436243788 -mass 0 0 0 0 0 0
node 174 3.42323610057 2.14132298883 0.755959792421 -mass 0 0 0 0 0 0
node 175 3.34580107828 2.05644535915 0.791816525087 -mass 0 0 0 0 0 0
node 176 3.31198204952 2.0186662587 0.807373495789 -mass 0 0 0 0 0 0
node 177 3.38294145690 2.09230026846 0.759741270058 -mass 0 0 0 0 0 0
node 178 3.42263662468 2.13566226928 0.741344992893 -mass 0 0 0 0 0 0
node 179 3.34521792116 2.05085469474 0.777150779203 -mass 0 0 0 0 0 0
node 180 3.31143764947 2.01324197522 0.792586752311 -mass 0 0 0 0 0 0
node 181 3.20127810617 1.90808063818 0.911163890048 -mass 0 0 0 0 0 0
node 182 3.20022927428 1.88820223005 0.913369672376 -mass 0 0 0 0 0 0
node 183 3.20934588558 1.88361222469 0.895359586269 -mass 0 0 0 0 0 0
node 184 3.18926742145 1.90293210370 0.942559395692 -mass 0 0 0 0 0 0
node 185 3.18988115548 1.88551568077 0.942421392732 -mass 0 0 0 0 0 0
node 186 3.17586062978 1.89243754135 0.991452700129 -mass 0 0 0 0 0 0
node 187 3.17705001190 1.87622898883 0.989904338831 -mass 0 0 0 0 0 0
node 188 3.15781251423 1.87440200347 1.06691006522 -mass 0 0 0 0 0 0
node 189 3.15918989875 1.8588249876 1.06439577272 -mass 0 0 0 0 0 0
node 190 3.19289979172 1.87046944627 0.915225489845 -mass 0 0 0 0 0 0
node 191 3.19944173453 1.86558731030 0.900017229863 -mass 0 0 0 0 0 0
node 192 3.18460830936 1.86909501208 0.941760065729 -mass 0 0 0 0 0 0
node 193 3.17288084809 1.86066602314 0.987543620952 -mass 0 0 0 0 0 0
node 194 3.15552671107 1.84371390947 1.06096773579 -mass 0 0 0 0 0 0
node 195 3.18216539115 1.85634558503 0.91462220278 -mass 0 0 0 0 0 0
node 196 3.18746064768 1.85175458572 0.900709549934 -mass 0 0 0 0 0 0
node 197 3.17516941919 1.85535244905 0.939668012996 -mass 0 0 0 0 0 0
node 198 3.16436567168 1.84728309842 0.984252619995 -mass 0 0 0 0 0 0
node 199 3.14758405628 1.83056163060 1.05684027779 -mass 0 0 0 0 0 0
node 200 3.16902882548 1.84676244361 0.911256966959 -mass 0 0 0 0 0 0
node 201 3.17381681752 1.8424891371 0.897698483795 -mass 0 0 0 0 0 0
node 202 3.16265472695 1.84566784154 0.935842978795 -mass 0 0 0 0 0 0
node 203 3.15243822920 1.83757685609 0.979989052707 -mass 0 0 0 0 0 0
node 204 3.13612303949 1.82086101247 1.05222772210 -mass 0 0 0 0 0 0
node 205 3.15419899719 1.84243589007 0.905246383962 -mass 0 0 0 0 0 0
node 206 3.15901002573 1.83834884916 0.891169286173 -mass 0 0 0 0 0 0
node 207 3.14802942739 1.84107370079 0.93034781549 -mass 0 0 0 0 0 0
node 208 3.13808999618 1.83272780298 0.974901780503 -mass 0 0 0 0 0 0
node 209 3.12202757216 1.81581108003 1.04742641204 -mass 0 0 0 0 0 0
node 210 3.13841225696 1.84341653594 0.897319686158 -mass 0 0 0 0 0 0
node 211 3.14359742612 1.83947429591 0.881647869609 -mass 0 0 0 0 0 0
node 212 3.13238882062 1.84151568504 0.924100661908 -mass 0 0 0 0 0 0
node 213 3.12262215088 1.83268972016 0.969828600228 -mass 0 0 0 0 0 0
node 214 3.10667279119 1.81543551197 1.04306077083 -mass 0 0 0 0 0 0
node 215 3.12240864338 1.84954480070 0.888783667705 -mass 0 0 0 0 0 0
node 216 3.12793690291 1.84611803108 0.869585228926 -mass 0 0 0 0 0 0
node 217 3.11689802489 1.84661220964 0.91846375781 -mass 0 0 0 0 0 0
node 218 3.10741795870 1.83710276606 0.965808327501 -mass 0 0 0 0 0 0
node 219 3.09155663983 1.81946415041 1.03983724166 -mass 0 0 0 0 0 0
node 220 3.10707987068 1.86022539545 0.883686832097 -mass 0 0 0 0 0 0
node 221 3.10927233074 1.86167441965 0.852931198295 -mass 0 0 0 0 0 0
node 222 3.10287132564 1.85575957139 0.915720460216 -mass 0 0 0 0 0 0
node 223 3.09387933094 1.84557933429 0.963994917597 -mass 0 0 0 0 0 0
node 224 3.07817706134 1.82762683748 1.03846226770 -mass 0 0 0 0 0 0
node 225 3.09408438700 1.87383380907 0.887485047441 -mass 0 0 0 0 0 0
node 226 3.09055907672 1.87833364910 0.867548550162 -mass 0 0 0 0 0 0
node 227 3.09158253517 1.86819832631 0.917561515647 -mass 0 0 0 0 0 0
node 228 3.08328219935 1.85756862629 0.965186111351 -mass 0 0 0 0 0 0
node 229 3.06786907189 1.83945909169 1.03941296425 -mass 0 0 0 0 0 0
node 230 3.08538302880 1.88886046349 0.894919409245 -mass 0 0 0 0 0 0
node 231 3.08128286525 1.89309896254 0.878331282852 -mass 0 0 0 0 0 0
node 232 3.08399440593 1.88276818591 0.92238611136 -mass 0 0 0 0 0 0
node 233 3.07637993156 1.87189483971 0.968639652182 -mass 0 0 0 0 0 0
node 234 3.06131597929 1.85371913714 1.04224913506 -mass 0 0 0 0 0 0
node 235 3.08175395360 1.90446082391 0.90201803664 -mass 0 0 0 0 0 0
node 236 3.07749981520 1.90839388963 0.886911717012 -mass 0 0 0 0 0 0
node 237 3.08092764887 1.8982415712 0.927994480514 -mass 0 0 0 0 0 0
node 238 3.07378721961 1.88723003630 0.973256276118 -mass 0 0 0 0 0 0
node 239 3.05903816426 1.8689708743 1.04630125598 -mass 0 0 0 0 0 0
node 240 3.08346987506 1.91992839460 0.907509089 -mass 0 0 0 0 0 0
node 241 3.07899474931 1.92385081246 0.892835706499 -mass 0 0 0 0 0 0
node 242 3.08294586874 1.91352258583 0.933082599133 -mass 0 0 0 0 0 0
node 243 3.07608661726 1.90226273817 0.978048687048 -mass 0 0 0 0 0 0
node 244 3.06155600750 1.88377820366 1.05089980289 -mass 0 0 0 0 0 0
node 245 3.09060034054 1.93453188965 0.910685332507 -mass 0 0 0 0 0 0
node 246 3.08571869225 1.93890378732 0.895593257913 -mass 0 0 0 0 0 0
node 247 3.09028273823 1.92753660845 0.936771651807 -mass 0 0 0 0 0 0
node 248 3.08354213435 1.91571197104 0.982218294475 -mass 0 0 0 0 0 0
node 249 3.06908200713 1.89677685584 1.05544892401 -mass 0 0 0 0 0 0
node 250 3.10259601244 1.94745618060 0.91141270028 -mass 0 0 0 0 0 0
node 251 3.09725187929 1.95296829755 0.894973985916 -mass 0 0 0 0 0 0
node 252 3.10210930778 1.93916243516 0.9389879145 -mass 0 0 0 0 0 0
node 253 3.09517574334 1.92640231487 0.985609362519 -mass 0 0 0 0 0 0
node 254 3.08059713078 1.90688988205 1.05964745699 -mass 0 0 0 0 0 0
node 255 3.11874742467 1.95756462655 0.90998057932 -mass 0 0 0 0 0 0
node 256 3.11336639037 1.96556487087 0.890689293798 -mass 0 0 0 0 0 0
node 257 3.11727831282 1.94710216091 0.940015164137 -mass 0 0 0 0 0 0
node 258 3.10969232487 1.93316410622 0.988246397463 -mass 0 0 0 0 0 0
node 259 3.09477446346 1.91311216364 1.06326791184 -mass 0 0 0 0 0 0
node 260 3.13807697252 1.96182007660 0.908564153983 -mass 0 0 0 0 0 0
node 261 3.13443185090 1.94939765850 0.940762090109 -mass 0 0 0 0 0 0
node 262 3.12577042989 1.93474515390 0.990232019652 -mass 0 0 0 0 0 0
node 263 3.11028709020 1.91443858195 1.06608279857 -mass 0 0 0 0 0 0
node 264 3.15843955021 1.95620270837 0.910545036924 -mass 0 0 0 0 0 0
node 265 3.15208404627 1.94461171281 0.941946118701 -mass 0 0 0 0 0 0
node 266 3.14203198389 1.93032126818 0.991641973276 -mass 0 0 0 0 0 0
node 267 3.12578716283 1.91023462387 1.06789858345 -mass 0 0 0 0 0 0
node 268 3.17709953454 1.94384903381 0.91232605085 -mass 0 0 0 0 0 0
node 269 3.16844776772 1.93405097911 0.942894711314 -mass 0 0 0 0 0 0
node 270 3.15689874040 1.92086279297 0.99236638386 -mass 0 0 0 0 0 0
node 271 3.13984310044 1.90134819840 1.06865755781 -mass 0 0 0 0 0 0
node 272 3.19235498506 1.92738515692 0.911921616423 -mass 0 0 0 0 0 0
node 273 3.18158649678 1.91962763833 0.942907078922 -mass 0 0 0 0 0 0
node 274 3.16873315081 1.90777865032 0.992288877359 -mass 0 0 0 0 0 0
node 275 3.15100238894 1.88899782008 1.06833596920 -mass 0 0 0 0 0 0
node 276 3.13288202812 1.84737887684 1.17478404498 -mass 0 0 0 0 0 0
node 277 3.13434094133 1.83215566093 1.17168048784 -mass 0 0 0 0 0 0
node 278 3.10216424207 1.81303187277 1.30917417644 -mass 0 0 0 0 0 0
node 279 3.10366502137 1.79799033793 1.30576802394 -mass 0 0 0 0 0 0
node 280 3.06758825607 1.77380228376 1.46124174236 -mass 0 0 0 0 0 0
node 281 3.06910445972 1.75882768405 1.45772410736 -mass 0 0 0 0 0 0
node 282 3.03108317009 1.73213140228 1.62214802551 -mass 0 0 0 0 0 0
node 283 3.03260157722 1.71716636472 1.61861446444 -mass 0 0 0 0 0 0
node 284 3.13094624046 1.81729846336 1.16761686111 -mass 0 0 0 0 0 0
node 285 3.10040819211 1.78326351146 1.30137801326 -mass 0 0 0 0 0 0
node 286 3.06589842526 1.74414888903 1.45321384996 -mass 0 0 0 0 0 0
node 287 3.02940279915 1.70249443134 1.61408702894 -mass 0 0 0 0 0 0
node 288 3.12334318595 1.80428437096 1.16297666118 -mass 0 0 0 0 0 0
node 289 3.09297952693 1.77032037968 1.29647451342 -mass 0 0 0 0 0 0
node 290 3.05853400878 1.73123190064 1.44821334489 -mass 0 0 0 0 0 0
node 291 3.02204756106 1.68958117772 1.60907266597 -mass 0 0 0 0 0 0
node 292 3.11217703825 1.79459047056 1.15814338443 -mass 0 0 0 0 0 0
node 293 3.08196479848 1.76062992892 1.29152789342 -mass 0 0 0 0 0 0
node 294 3.04757506637 1.72154272080 1.44322496686 -mass 0 0 0 0 0 0
node 295 3.01109658809 1.67989217945 1.60407832251 -mass 0 0 0 0 0 0
node 296 3.09824590082 1.78941376434 1.15351758695 -mass 0 0 0 0 0 0
node 297 3.06811804669 1.75538812266 1.28699222402 -mass 0 0 0 0 0 0
node 298 3.03375940402 1.71627693032 1.43872250253 -mass 0 0 0 0 0 0
node 299 2.99728536709 1.67462296264 1.59958060177 -mass 0 0 0 0 0 0
node 300 3.08295924927 1.78883091594 1.14956806362 -mass 0 0 0 0 0 0
node 301 3.05286638052 1.75469883300 1.28325638284 -mass 0 0 0 0 0 0
node 302 3.0185206272 1.71554842545 1.43506538636 -mass 0 0 0 0 0 0
node 303 2.98204843160 1.67388885560 1.59593473203 -mass 0 0 0 0 0 0
node 304 3.06787940220 1.79263850432 1.14678066903 -mass 0 0 0 0 0 0
node 305 3.03780517619 1.75839290919 1.28069294926 -mass 0 0 0 0 0 0
node 306 3.00346629125 1.71920068136 1.43258446472 -mass 0 0 0 0 0 0
node 307 2.96699507685 1.67753513719 1.59346559781 -mass 0 0 0 0 0 0
node 308 3.05456867823 1.80063310847 1.14564125777 -mass 0 0 0 0 0 0
node 309 3.02452980994 1.76630120049 1.27967450262 -mass 0 0 0 0 0 0
node 310 2.99020395154 1.72707717320 1.43161058400 -mass 0 0 0 0 0 0
node 311 2.95373459807 1.68540708624 1.59249808365 -mass 0 0 0 0 0 0
node 312 3.04440740437 1.81239380715 1.1464781332 -mass 0 0 0 0 0 0
node 313 3.01444387652 1.77802515444 1.28045292937 -mass 0 0 0 0 0 0
node 314 2.98014577512 1.73878758961 1.43236747703 -mass 0 0 0 0 0 0
node 315 2.94368038694 1.69711556872 1.59325190043 -mass 0 0 0 0 0 0
node 316 3.03804794124 1.82662967820 1.14898939387 -mass 0 0 0 0 0 0
node 317 3.00818384474 1.79224861161 1.28279734430 -mass 0 0 0 0 0 0
node 318 2.97392237593 1.75300647325 1.43465042247 -mass 0 0 0 0 0 0
node 319 2.93746222098 1.71133379900 1.59552606451 -mass 0 0 0 0 0 0
node 320 3.03596065785 1.84183229926 1.15271558710 -mass 0 0 0 0 0 0
node 321 3.00619440192 1.80742601088 1.28635616925 -mass 0 0 0 0 0 0
node 322 2.97196897964 1.76817458028 1.43814758542 -mass 0 0 0 0 0 0
node 323 2.93551397420 1.72650057857 1.59901441861 -mass 0 0 0 0 0 0
node 324 3.03861592321 1.85649324794 1.15719726021 -mass 0 0 0 0 0 0
node 325 3.00892023540 1.82201179111 1.29077782608 -mass 0 0 0 0 0 0
node 326 2.97472081190 1.78273266687 1.442547131 -mass 0 0 0 0 0 0
node 327 2.93826952057 1.74105470892 1.60341080544 -mass 0 0 0 0 0 0
node 328 3.04618318776 1.86920677162 1.16198600490 -mass 0 0 0 0 0 0
node 329 3.01650869004 1.83457889745 1.29568962071 -mass 0 0 0 0 0 0
node 330 2.98231707343 1.79524582998 1.44750425982 -mass 0 0 0 0 0 0
node 331 2.94586689736 1.75356016585 1.60837441057 -mass 0 0 0 0 0 0
node 332 3.05762822759 1.87897779666 1.16667759031 -mass 0 0 0 0 0 0
node 333 3.02791774088 1.84417430026 1.30063439522 -mass 0 0 0 0 0 0
node 334 2.99371286517 1.80477652986 1.45254231452 -mass 0 0 0 0 0 0
node 335 2.95726079494 1.76308162246 1.61342579101 -mass 0 0 0 0 0 0
node 336 3.0716159002 1.88491391915 1.17087882998 -mass 0 0 0 0 0 0
node 337 3.04180802048 1.84996347618 1.30513387574 -mass 0 0 0 0 0 0
node 338 3.00756726313 1.81051156758 1.45715167324 -mass 0 0 0 0 0 0
node 339 2.97111006696 1.76880892615 1.61805084662 -mass 0 0 0 0 0 0
node 340 3.0868110631 1.88612273519 1.17419653741 -mass 0 0 0 0 0 0
node 341 3.05684016141 1.85111190188 1.3087097884 -mass 0 0 0 0 0 0
node 342 3.02253934333 1.81163774420 1.46082271415 -mass 0 0 0 0 0 0
node 343 2.98607356706 1.76993192433 1.62173547727 -mass 0 0 0 0 0 0
node 344 3.10187729662 1.88204843496 1.17630027191 -mass 0 0 0 0 0 0
node 345 3.07168361268 1.84710418270 1.31096138892 -mass 0 0 0 0 0 0
node 346 3.03730071693 1.80765455489 1.46312879162 -mass 0 0 0 0 0 0
node 347 3.00082321527 1.76595223929 1.62404933717 -mass 0 0 0 0 0 0
node 348 3.11547307235 1.87348158485 1.17711057589 -mass 0 0 0 0 0 0
node 349 3.08504308907 1.83870143886 1.31179805134 -mass 0 0 0 0 0 0
node 350 3.05057313566 1.79931227124 1.46397516505 -mass 0 0 0 0 0 0
node 351 3.01408319719 1.75761859281 1.62489709789 -mass 0 0 0 0 0 0
node 352 3.12625558471 1.86154934532 1.17661073751 -mass 0 0 0 0 0 0
node 353 3.09563212179 1.82698391924 1.31120667931 -mass 0 0 0 0 0 0
node 354 3.06109088641 1.78767385897 1.46335007009 -mass 0 0 0 0 0 0
node 355 3.02459076481 1.74599148158 1.62426718536 -mass 0 0 0 0 0 0
node 356 3.23311167814 1.88799293953 0.805015233116 -mass 0 0 0 0 0 0
node 357 3.22244134771 1.88763365356 0.792387731204 -mass 0 0 0 0 0 0
node 358 3.23865734030 1.86561031763 0.801344400136 -mass 0 0 0 0 0 0
node 359 3.22805228873 1.86459647892 0.789102505723 -mass 0 0 0 0 0 0
node 360 3.25095211272 1.83322049939 0.794856983111 -mass 0 0 0 0 0 0
node 361 3.24046825701 1.83161911610 0.782975817791 -mass 0 0 0 0 0 0
node 362 3.27158834628 1.78650562449 0.784906848821 -mass 0 0 0 0 0 0
node 363 3.26121701568 1.78444961818 0.773311739943 -mass 0 0 0 0 0 0
node 364 3.20744033871 1.88732582014 0.783293057891 -mass 0 0 0 0 0 0
node 365 3.21385975174 1.86272194720 0.780568183722 -mass 0 0 0 0 0 0
node 366 3.22689448613 1.82858585062 0.774808946097 -mass 0 0 0 0 0 0
node 367 3.24800822657 1.78065721935 0.765351992573 -mass 0 0 0 0 0 0
node 368 3.18913093155 1.88669106003 0.778479996976 -mass 0 0 0 0 0 0
node 369 3.19757959807 1.85967477681 0.776533411924 -mass 0 0 0 0 0 0
node 370 3.21179540117 1.82410802391 0.771095999861 -mass 0 0 0 0 0 0
node 371 3.23347266590 1.77538779589 0.761704962162 -mass 0 0 0 0 0 0
node 372 3.16979364596 1.88309752359 0.779580212482 -mass 0 0 0 0 0 0
node 373 3.18125049113 1.85442545532 0.778084226143 -mass 0 0 0 0 0 0
node 374 3.19680295254 1.81808326111 0.772613368165 -mass 0 0 0 0 0 0
node 375 3.21912102067 1.76890071567 0.763048004161 -mass 0 0 0 0 0 0
node 376 3.15342084259 1.87286496692 0.788343333936 -mass 0 0 0 0 0 0
node 377 3.13882559880 1.89210156153 0.788037492568 -mass 0 0 0 0 0 0
node 378 3.16682981923 1.84632606991 0.785886657055 -mass 0 0 0 0 0 0
node 379 3.18346056052 1.81058886478 0.779752706595 -mass 0 0 0 0 0 0
node 380 3.20637124446 1.76154988516 0.769709683063 -mass 0 0 0 0 0 0
node 381 3.14078677270 1.86118044522 0.802796658237 -mass 0 0 0 0 0 0
node 382 3.12591010655 1.87798435079 0.803608286967 -mass 0 0 0 0 0 0
node 383 3.15541107546 1.83697267297 0.798632656757 -mass 0 0 0 0 0 0
node 384 3.17289017552 1.80251054298 0.791329979485 -mass 0 0 0 0 0 0
node 385 3.19627035727 1.75406736512 0.780623399533 -mass 0 0 0 0 0 0
node 386 3.13221174575 1.85125304968 0.820981398581 -mass 0 0 0 0 0 0
node 387 3.11609133203 1.86783940945 0.82363193434 -mass 0 0 0 0 0 0
node 388 3.14801894131 1.82823343321 0.814453116368 -mass 0 0 0 0 0 0
node 389 3.16612677575 1.79489999576 0.805758785692 -mass 0 0 0 0 0 0
node 390 3.1897726457 1.74727975488 0.794373763281 -mass 0 0 0 0 0 0
node 391 3.13023883384 1.84282830468 0.84038916372 -mass 0 0 0 0 0 0
node 392 3.14626674677 1.82082101962 0.831208761666 -mass 0 0 0 0 0 0
node 393 3.16427892049 1.78866448572 0.821418953405 -mass 0 0 0 0 0 0
node 394 3.18783239636 1.74201365378 0.809545384015 -mass 0 0 0 0 0 0
node 395 3.13800059986 1.83487451580 0.856942534015 -mass 0 0 0 0 0 0
node 396 3.15121594962 1.81523410058 0.846938010104 -mass 0 0 0 0 0 0
node 397 3.16804457773 1.78457668527 0.836770684164 -mass 0 0 0 0 0 0
node 398 3.19105586739 1.73896626438 0.824751555777 -mass 0 0 0 0 0 0
node 399 3.15066486333 1.82995362552 0.870384806002 -mass 0 0 0 0 0 0
node 400 3.16113187007 1.81227084168 0.860660211183 -mass 0 0 0 0 0 0
node 401 3.17640576925 1.78301534343 0.850629443593 -mass 0 0 0 0 0 0
node 402 3.19865720307 1.73831720206 0.838720309946 -mass 0 0 0 0 0 0
node 403 3.16482784306 1.82943228366 0.88085377986 -mass 0 0 0 0 0 0
node 404 3.17377563024 1.81269944660 0.871609019399 -mass 0 0 0 0 0 0
node 405 3.18793988480 1.78424762388 0.861895647332 -mass 0 0 0 0 0 0
node 406 3.20950251922 1.74011668541 0.850208362236 -mass 0 0 0 0 0 0
node 407 3.17927850138 1.83354090636 0.887805046817 -mass 0 0 0 0 0 0
node 408 3.18768769761 1.81686877398 0.878894377194 -mass 0 0 0 0 0 0
node 409 3.20132173233 1.78848827215 0.869454247013 -mass 0 0 0 0 0 0
node 410 3.22245793166 1.74441493302 0.857972428359 -mass 0 0 0 0 0 0
node 411 3.19319268817 1.84218076675 0.89067051923 -mass 0 0 0 0 0 0
node 412 3.20168380110 1.82474621194 0.88177137756 -mass 0 0 0 0 0 0
node 413 3.21529758556 1.79567352563 0.872415730939 -mass 0 0 0 0 0 0
node 414 3.23637809398 1.75106662602 0.861030739756 -mass 0 0 0 0 0 0
node 415 3.20596737134 1.85453118372 0.889310039936 -mass 0 0 0 0 0 0
node 416 3.21490136990 1.83519261138 0.880199427745 -mass 0 0 0 0 0 0
node 417 3.22880216321 1.80467800713 0.870808198098 -mass 0 0 0 0 0 0
node 418 3.25007181092 1.75914429565 0.859447590772 -mass 0 0 0 0 0 0
node 419 3.21714633755 1.86919455675 0.88356423158 -mass 0 0 0 0 0 0
node 420 3.22658527382 1.84655335615 0.874280598446 -mass 0 0 0 0 0 0
node 421 3.24082067221 1.81408108173 0.864884973259 -mass 0 0 0 0 0 0
node 422 3.26233642499 1.76752493567 0.853548791483 -mass 0 0 0 0 0 0
node 423 3.22678768138 1.88210323181 0.872615710507 -mass 0 0 0 0 0 0
node 424 3.23608844470 1.85621849890 0.863983299884 -mass 0 0 0 0 0 0
node 425 3.25035182724 1.82234269814 0.854882673632 -mass 0 0 0 0 0 0
node 426 3.27196927870 1.77508553985 0.843660151962 -mass 0 0 0 0 0 0
node 427 3.23491717966 1.88730414390 0.856135478995 -mass 0 0 0 0 0 0
node 428 3.24276053199 1.86205846701 0.84962808306 -mass 0 0 0 0 0 0
node 429 3.25651052328 1.82821818259 0.841287731896 -mass 0 0 0 0 0 0
node 430 3.27794675215 1.78088807307 0.83032909878 -mass 0 0 0 0 0 0
node 431 3.23927671602 1.88838670724 0.837946886474 -mass 0 0 0 0 0 0
node 432 3.24582999364 1.86482051802 0.833077722574 -mass 0 0 0 0 0 0
node 433 3.25886286875 1.83176378809 0.825602550172 -mass 0 0 0 0 0 0
node 434 3.27996137584 1.78473438464 0.814989524493 -mass 0 0 0 0 0 0
node 435 3.23874559589 1.88835703436 0.820514242854 -mass 0 0 0 0 0 0
node 436 3.24458294723 1.86580031558 0.816450487365 -mass 0 0 0 0 0 0
node 437 3.25709877016 1.83333964910 0.809567265242 -mass 0 0 0 0 0 0
node 438 3.27788471785 1.78661129497 0.799296938155 -mass 0 0 0 0 0 0
node 439 3.30147909120 1.72264426419 0.771126755018 -mass 0 0 0 0 0 0
node 440 3.29118115275 1.72030251916 0.759712424837 -mass 0 0 0 0 0 0
node 441 3.33882019514 1.64480071616 0.754265023351 -mass 0 0 0 0 0 0
node 442 3.32855994454 1.64231224042 0.742943525475 -mass 0 0 0 0 0 0
node 443 3.38112820508 1.55763570963 0.735348866442 -mass 0 0 0 0 0 0
node 444 3.37088183948 1.55509317522 0.72406156994 -mass 0 0 0 0 0 0
node 445 3.42591966803 1.46580997386 0.715405496911 -mass 0 0 0 0 0 0
node 446 3.41567528600 1.46325971678 0.70412308632 -mass 0 0 0 0 0 0
node 447 3.2781855658 1.71605255371 0.751871872523 -mass 0 0 0 0 0 0
node 448 3.31567383979 1.63782730833 0.735164181432 -mass 0 0 0 0 0 0
node 449 3.35803607027 1.55052167647 0.716304776313 -mass 0 0 0 0 0 0
node 450 3.40283527901 1.45867585136 0.696369514181 -mass 0 0 0 0 0 0
node 451 3.26395433029 1.71033048359 0.748240213103 -mass 0 0 0 0 0 0
node 452 3.30159887936 1.63187279804 0.731540415223 -mass 0 0 0 0 0 0
node 453 3.34401868487 1.54448153033 0.71268391813 -mass 0 0 0 0 0 0
node 454 3.38882611862 1.45262347152 0.69274907143 -mass 0 0 0 0 0 0
node 455 3.24994944615 1.70357242455 0.749452561607 -mass 0 0 0 0 0 0
node 456 3.28777206172 1.62497558772 0.732685650851 -mass 0 0 0 0 0 0
node 457 3.33025747068 1.53753305374 0.713804427962 -mass 0 0 0 0 0 0
node 458 3.37507427635 1.44566767118 0.693866049005 -mass 0 0 0 0 0 0
node 459 3.23753773880 1.69626563854 0.755819063735 -mass 0 0 0 0 0 0
node 460 3.2755339573 1.61769141914 0.738900575717 -mass 0 0 0 0 0 0
node 461 3.31808332524 1.53025721791 0.719963508574 -mass 0 0 0 0 0 0
node 462 3.3629092679 1.43839302574 0.700017151866 -mass 0 0 0 0 0 0
node 463 3.22770533571 1.68910197229 0.766349987882 -mass 0 0 0 0 0 0
node 464 3.26583942442 1.61069148863 0.749234930834 -mass 0 0 0 0 0 0
node 465 3.30843958665 1.52331761108 0.730225443521 -mass 0 0 0 0 0 0
node 466 3.35327278563 1.43146203659 0.710268741075 -mass 0 0 0 0 0 0
node 467 3.22134318982 1.68282441876 0.779730633115 -mass 0 0 0 0 0 0
node 468 3.25954689335 1.60467585611 0.762425720613 -mass 0 0 0 0 0 0
node 469 3.30217270314 1.51739847578 0.743346286554 -mass 0 0 0 0 0 0
node 470 3.34700956606 1.42555668661 0.723379591716 -mass 0 0 0 0 0 0
node 471 3.21934225411 1.67817597089 0.794646298501 -mass 0 0 0 0 0 0
node 472 3.25751479436 1.60034458153 0.777209949469 -mass 0 0 0 0 0 0
node 473 3.30012912295 1.51318405451 0.758082091425 -mass 0 0 0 0 0 0
node 474 3.34496434570 1.42135895866 0.738108478875 -mass 0 0 0 0 0 0
node 475 3.22227812085 1.67576548350 0.809781840423 -mass 0 0 0 0 0 0
node 476 3.26030297241 1.59826115193 0.792309222013 -mass 0 0 0 0 0 0
node 477 3.30286288938 1.51122111988 0.773168001567 -mass 0 0 0 0 0 0
node 478 3.34769033904 1.41941323761 0.753192480102 -mass 0 0 0 0 0 0
node 479 3.22946493959 1.67566525887 0.823820344529 -mass 0 0 0 0 0 0
node 480 3.26727693111 1.59844276286 0.806383543655 -mass 0 0 0 0 0 0
node 481 3.30975842595 1.51150656498 0.787255519142 -mass 0 0 0 0 0 0
node 482 3.35457467245 1.41971351615 0.767281882811 -mass 0 0 0 0 0 0
node 483 3.23990149921 1.67781346114 0.835444453784 -mass 0 0 0 0 0 0
node 484 3.27750358872 1.60077003701 0.818077520001 -mass 0 0 0 0 0 0
node 485 3.31990775124 1.51389981297 0.798975235995 -mass 0 0 0 0 0 0
node 486 3.36471295027 1.42211618898 0.779005276879 -mass 0 0 0 0 0 0
node 487 3.25258658857 1.68214825445 0.843336811154 -mass 0 0 0 0 0 0
node 488 3.29004986353 1.60512359703 0.826035756659 -mass 0 0 0 0 0 0
node 489 3.33240288385 1.51826028705 0.806957743971 -mass 0 0 0 0 0 0
node 490 3.37720077685 1.42647765078 0.786991252186 -mass 0 0 0 0 0 0
node 491 3.26646605243 1.68846488395 0.846460457143 -mass 0 0 0 0 0 0
node 492 3.30390842818 1.61126816689 0.829192952844 -mass 0 0 0 0 0 0
node 493 3.34625374879 1.52434146651 0.810127300754 -mass 0 0 0 0 0 0
node 494 3.39105054183 1.43254977447 0.790162574769 -mass 0 0 0 0 0 0
node 495 3.28027395910 1.69598691872 0.844900022419 -mass 0 0 0 0 0 0
node 496 3.31777497281 1.61850487565 0.827644182199 -mass 0 0 0 0 0 0
node 497 3.36014189688 1.53147305517 0.808582827402 -mass 0 0 0 0 0 0
node 498 3.40494177613 1.43966634597 0.788618715316 -mass 0 0 0 0 0 0
node 499 3.29269143276 1.70379500885 0.839020535191 -mass 0 0 0 0 0 0
node 500 3.33027094194 1.62601895368 0.821774611975 -mass 0 0 0 0 0 0
node 501 3.37266678540 1.53887881295 0.802716910811 -mass 0 0 0 0 0 0
node 502 3.41747079599 1.44705662943 0.782753320672 -mass 0 0 0 0 0 0
node 503 3.30239959761 1.71096980443 0.829187023666 -mass 0 0 0 0 0 0
node 504 3.34001778008 1.63299563133 0.811969409422 -mass 0 0 0 0 0 0
node 505 3.38242787159 1.54578249978 0.792922137879 -mass 0 0 0 0 0 0
node 506 3.42723391762 1.45394988900 0.772960037686 -mass 0 0 0 0 0 0
node 507 3.30829391281 1.71671219338 0.815975663808 -mass 0 0 0 0 0 0
node 508 3.34586939240 1.63870713538 0.798819513703 -mass 0 0 0 0 0 0
node 509 3.38826375126 1.55148262518 0.779794886842 -mass 0 0 0 0 0 0
node 510 3.43306754977 1.45964838889 0.759836021604 -mass 0 0 0 0 0 0
node 511 3.31012717744 1.72070401494 0.800807222593 -mass 0 0 0 0 0 0
node 512 3.34760952670 1.64277367829 0.783738951633 -mass 0 0 0 0 0 0
node 513 3.38996957440 1.55557669701 0.7647467013 -mass 0 0 0 0 0 0
node 514 3.43476847131 1.46374639341 0.74479246128 -mass 0 0 0 0 0 0
node 515 3.30786652556 1.72274734618 0.785313614752 -mass 0 0 0 0 0 0
node 516 3.34525439146 1.64490246892 0.76834752194 -mass 0 0 0 0 0 0
node 517 3.38757962950 1.55773697268 0.749392916187 -mass 0 0 0 0 0 0
node 518 3.43237355360 1.46591116694 0.729444053964 -mass 0 0 0 0 0 0
node 519 3.11991194738 1.98557396655 0.79857042387 -mass 0 0 0 0 0 0
node 520 3.11827621708 1.99200444151 0.813740479808 -mass 0 0 0 0 0 0
node 521 3.09742416380 1.98700351032 0.793039991142 -mass 0 0 0 0 0 0
node 522 3.09554578658 1.99368715545 0.807759275866 -mass 0 0 0 0 0 0
node 523 3.06380870665 1.99333149472 0.783338539843 -mass 0 0 0 0 0 0
node 524 3.06180480188 2.00021739151 0.797610563315 -mass 0 0 0 0 0 0
node 525 3.01420824648 2.00546091320 0.768322068084 -mass 0 0 0 0 0 0
node 526 3.01215107681 2.01248994352 0.782234551894 -mass 0 0 0 0 0 0
node 527 3.11693784222 1.99342089118 0.831170521194 -mass 0 0 0 0 0 0
node 528 3.09313002787 1.99563189845 0.824237870023 -mass 0 0 0 0 0 0
node 529 3.05873007547 2.00256869445 0.813388892943 -mass 0 0 0 0 0 0
node 530 3.00872498626 2.01510086392 0.79760064515 -mass 0 0 0 0 0 0
node 531 3.11523245469 1.98983649886 0.849619487697 -mass 0 0 0 0 0 0
node 532 3.08967659604 1.99300679649 0.84081268255 -mass 0 0 0 0 0 0
node 533 3.05442753321 2.00051060759 0.82896390256 -mass 0 0 0 0 0 0
node 534 3.00406726307 2.01333012597 0.812762210987 -mass 0 0 0 0 0 0
node 535 3.11031142287 1.98172710229 0.866360823962 -mass 0 0 0 0 0 0
node 536 3.08401331074 1.98619020717 0.855232156102 -mass 0 0 0 0 0 0
node 537 3.04865619477 1.99419449753 0.842552407717 -mass 0 0 0 0 0 0
node 538 2.99831519549 2.00721418122 0.826061112543 -mass 0 0 0 0 0 0
node 539 3.09865146467 1.97055221090 0.877190167408 -mass 0 0 0 0 0 0
node 540 3.07545565567 1.97572599270 0.865531400512 -mass 0 0 0 0 0 0
node 541 3.04142206111 1.98395893694 0.852620988015 -mass 0 0 0 0 0 0
node 542 2.99173426760 1.99700982907 0.83606061482 -mass 0 0 0 0 0 0
node 543 3.08592096851 1.95733639621 0.882771314754 -mass 0 0 0 0 0 0
node 544 3.06594165945 1.96261073329 0.871480660604 -mass 0 0 0 0 0 0
node 545 3.03380304423 1.97086516017 0.858708837544 -mass 0 0 0 0 0 0
node 546 2.98510274685 1.98385526031 0.842209590273 -mass 0 0 0 0 0 0
node 547 3.07592521420 1.94276585141 0.884175117808 -mass 0 0 0 0 0 0
node 548 3.05783477757 1.94793708996 0.873236090913 -mass 0 0 0 0 0 0
node 549 3.02711625773 1.95615292962 0.860617319763 -mass 0 0 0 0 0 0
node 550 2.97932709655 1.9691090136 0.844178313221 -mass 0 0 0 0 0 0
node 551 3.06987986385 1.92753564508 0.881637854731 -mass 0 0 0 0 0 0
node 552 3.05257762806 1.93272932898 0.870762349812 -mass 0 0 0 0 0 0
node 553 3.02256371056 1.94105345840 0.858123861107 -mass 0 0 0 0 0 0
node 554 2.97531377999 1.95412962758 0.841637057983 -mass 0 0 0 0 0 0
node 555 3.06844396183 1.91237883705 0.875330308786 -mass 0 0 0 0 0 0
node 556 3.05110612874 1.91803087849 0.864126052622 -mass 0 0 0 0 0 0
node 557 3.02104917722 1.92680570318 0.851206584121 -mass 0 0 0 0 0 0
node 558 2.97376746551 1.94024376426 0.834503665121 -mass 0 0 0 0 0 0
node 559 3.07158088456 1.89812502634 0.865775503404 -mass 0 0 0 0 0 0
node 560 3.05325023401 1.90503020880 0.853993138613 -mass 0 0 0 0 0 0
node 561 3.02239859928 1.91468814436 0.840670332788 -mass 0 0 0 0 0 0
node 562 2.97458564160 1.92865057908 0.82368624016 -mass 0 0 0 0 0 0
node 563 3.07890672004 1.88591541512 0.853425747601 -mass 0 0 0 0 0 0
node 564 3.05844034200 1.89512205277 0.84113033045 -mass 0 0 0 0 0 0
node 565 3.02615307689 1.90601039357 0.827520500503 -mass 0 0 0 0 0 0
node 566 2.97746400180 1.92051735084 0.810340454865 -mass 0 0 0 0 0 0
node 567 3.08871330650 1.87879318086 0.83785357458 -mass 0 0 0 0 0 0
node 568 3.06561458906 1.89038115152 0.826108160438 -mass 0 0 0 0 0 0
node 569 3.03179217747 1.90216706342 0.812737956865 -mass 0 0 0 0 0 0
node 570 2.98209823962 1.91701135832 0.795621981004 -mass 0 0 0 0 0 0
node 571 3.09790079173 1.88104713223 0.818862532369 -mass 0 0 0 0 0 0
node 572 3.07372537228 1.89240551576 0.809741432407 -mass 0 0 0 0 0 0
node 573 3.03873264668 1.90414754887 0.797408705782 -mass 0 0 0 0 0 0
node 574 2.98810523826 1.91894070422 0.780730661395 -mass 0 0 0 0 0 0
node 575 3.10757922583 1.89005331838 0.800756304043 -mass 0 0 0 0 0 0
node 576 3.08227439344 1.90020622640 0.794018226638 -mass 0 0 0 0 0 0
node 577 3.04620147586 1.91123537316 0.783063812182 -mass 0 0 0 0 0 0
node 578 2.99478663954 1.92567678672 0.767043023061 -mass 0 0 0 0 0 0
node 579 3.11810675827 1.90356469295 0.786199423237 -mass 0 0 0 0 0 0
node 580 3.09060999653 1.91223689317 0.781127931933 -mass 0 0 0 0 0 0
node 581 3.05334188228 1.92229874923 0.771334104923 -mass 0 0 0 0 0 0
node 582 3.00136527494 1.9362318279 0.755979764079 -mass 0 0 0 0 0 0
node 583 3.12626768736 1.92087868173 0.776982097506 -mass 0 0 0 0 0 0
node 584 3.09691778959 1.92730817091 0.772891894708 -mass 0 0 0 0 0 0
node 585 3.05915174120 1.93625052068 0.763804407569 -mass 0 0 0 0 0 0
node 586 3.00706397594 1.94961804985 0.748961582523 -mass 0 0 0 0 0 0
node 587 3.12702583868 1.94049667067 0.774832569681 -mass 0 0 0 0 0 0
node 588 3.09970567034 1.94416587186 0.770594590836 -mass 0 0 0 0 0 0
node 589 3.06283773531 1.95191783491 0.761675106873 -mass 0 0 0 0 0 0
node 590 3.01124138934 1.96474988911 0.747074308907 -mass 0 0 0 0 0 0
node 591 3.12463247018 1.95894793768 0.778484272241 -mass 0 0 0 0 0 0
node 592 3.09993343117 1.96093939271 0.773741056406 -mass 0 0 0 0 0 0
node 593 3.0645871189 1.96774042395 0.764654847655 -mass 0 0 0 0 0 0
node 594 3.01379942326 1.98015064014 0.750064303494 -mass 0 0 0 0 0 0
node 595 3.12206992322 1.97430586303 0.786614395788 -mass 0 0 0 0 0 0
node 596 3.09897690146 1.97571258189 0.781445716397 -mass 0 0 0 0 0 0
node 597 3.06480767209 1.98207473541 0.772086120358 -mass 0 0 0 0 0 0
node 598 3.01477580116 1.99424581186 0.757343058986 -mass 0 0 0 0 0 0
node 599 2.94544343928 2.02386490918 0.747306366888 -mass 0 0 0 0 0 0
node 600 2.94335903422 2.03098199982 0.760990957526 -mass 0 0 0 0 0 0
node 601 2.86104688272 2.04729722583 0.721446398932 -mass 0 0 0 0 0 0
node 602 2.85894849192 2.05445953664 0.735013963346 -mass 0 0 0 0 0 0
node 603 2.76622915993 2.07408175625 0.692356919801 -mass 0 0 0 0 0 0
node 604 2.76412561649 2.08126072713 0.70588136929 -mass 0 0 0 0 0 0
node 605 2.66620085402 2.10254239356 0.661652685082 -mass 0 0 0 0 0 0
node 606 2.66409657449 2.10972374445 0.675170975297 -mass 0 0 0 0 0 0
node 607 2.93973466537 2.03374827203 0.776116397708 -mass 0 0 0 0 0 0
node 608 2.85522230449 2.0573055841 0.750015824922 -mass 0 0 0 0 0 0
node 609 2.76036191695 2.08413616547 0.720837701906 -mass 0 0 0 0 0 0
node 610 2.66032751607 2.11260338149 0.690120803776 -mass 0 0 0 0 0 0
node 611 2.93489666012 2.03213659304 0.791069364642 -mass 0 0 0 0 0 0
node 612 2.85029172196 2.05577558403 0.7648616735 -mass 0 0 0 0 0 0
node 613 2.755397227 2.08263625763 0.735644085827 -mass 0 0 0 0 0 0
node 614 2.65535795364 2.11110777254 0.704921549889 -mass 0 0 0 0 0 0
node 615 2.92917134585 2.02611983008 0.804236535538 -mass 0 0 0 0 0 0
node 616 2.84458014589 2.04980975226 0.777961198921 -mass 0 0 0 0 0 0
node 617 2.74969071237 2.07668918998 0.748718689232 -mass 0 0 0 0 0 0
node 618 2.64965216207 2.10516338548 0.717992593005 -mass 0 0 0 0 0 0
node 619 2.92294818583 2.01591435528 0.814208190685 -mass 0 0 0 0 0 0
node 620 2.83854070449 2.03960370096 0.787918554192 -mass 0 0 0 0 0 0
node 621 2.74371895679 2.06648292629 0.758670776126 -mass 0 0 0 0 0 0
node 622 2.64369007589 2.09495709145 0.727943927275 -mass 0 0 0 0 0 0
node 623 2.91686918670 2.00271056039 0.8203890227 -mass 0 0 0 0 0 0
node 624 2.83274543269 2.02637462779 0.794115744983 -mass 0 0 0 0 0 0
node 625 2.73802821609 2.05324454007 0.764873993834 -mass 0 0 0 0 0 0
node 626 2.63801426822 2.08171737479 0.734148005971 -mass 0 0 0 0 0 0
node 627 2.91163949100 1.98794234207 0.822387327281 -mass 0 0 0 0 0 0
node 628 2.82779609204 2.01159512675 0.796129240131 -mass 0 0 0 0 0 0
node 629 2.73318216416 2.03846088224 0.766893085507 -mass 0 0 0 0 0 0
node 630 2.63318297181 2.06693312314 0.736167897147 -mass 0 0 0 0 0 0
node 631 2.90796424123 1.97304359697 0.819811400123 -mass 0 0 0 0 0 0
node 632 2.82429444415 1.99673779185 0.793535508474 -mass 0 0 0 0 0 0
node 633 2.72974447485 2.02361880373 0.764292794298 -mass 0 0 0 0 0 0
node 634 2.62975441944 2.05209322411 0.733566668859 -mass 0 0 0 0 0 0
node 635 2.90639816766 1.95938706186 0.812542359168 -mass 0 0 0 0 0 0
node 636 2.82271822401 1.98319901988 0.786196810389 -mass 0 0 0 0 0 0
node 637 2.72816451650 2.01012341818 0.75692843306 -mass 0 0 0 0 0 0
node 638 2.62817392706 2.03860403662 0.726198641456 -mass 0 0 0 0 0 0
node 639 2.90689435141 1.94810083403 0.801552611323 -mass 0 0 0 0 0 0
node 640 2.82304906034 1.97207041879 0.775118572415 -mass 0 0 0 0 0 0
node 641 2.72843443536 1.99905289010 0.745817593459 -mass 0 0 0 0 0 0
node 642 2.62843514342 2.02754180468 0.71508314448 -mass 0 0 0 0 0 0
node 643 2.90925546134 1.94025185086 0.78808738574 -mass 0 0 0 0 0 0
node 644 2.82514455528 1.96436739931 0.76159201263 -mass 0 0 0 0 0 0
node 645 2.73043207214 1.99140364672 0.732268436863 -mass 0 0 0 0 0 0
node 646 2.63041880047 2.01990024360 0.701530759768 -mass 0 0 0 0 0 0
node 647 2.91328416633 1.93690704977 0.77339191157 -mass 0 0 0 0 0 0
node 648 2.82886231097 1.96110537219 0.746908349112 -mass 0 0 0 0 0 0
node 649 2.73403526757 1.98817211527 0.717589124639 -mass 0 0 0 0 0 0
node 650 2.63400563014 2.01667306868 0.686852069157 -mass 0 0 0 0 0 0
node 651 2.91870048860 1.93880180747 0.758723918165 -mass 0 0 0 0 0 0
node 652 2.83397531295 1.96298236839 0.732355036731 -mass 0 0 0 0 0 0
node 653 2.73903651996 1.99004256776 0.703078063161 -mass 0 0 0 0 0 0
node 654 2.63899091831 2.01854258635 0.672347043523 -mass 0 0 0 0 0 0
node 655 2.92489386392 1.94534525805 0.745391135676 -mass 0 0 0 0 0 0
node 656 2.83991808034 1.96942689987 0.719204477514 -mass 0 0 0 0 0 0
node 657 2.74488695812 1.99645065536 0.689994638834 -mass 0 0 0 0 0 0
node 658 2.64482816658 2.02494546768 0.659273209894 -mass 0 0 0 0 0 0
node 659 2.93117108141 1.95561497489 0.734713794455 -mass 0 0 0 0 0 0
node 660 2.84604051566 1.97955009880 0.708725310278 -mass 0 0 0 0 0 0
node 661 2.75095236843 2.00651987401 0.679588483066 -mass 0 0 0 0 0 0
node 662 2.65088543046 2.03500697487 0.648877484336 -mass 0 0 0 0 0 0
node 663 2.93683893020 1.96868853139 0.728012124853 -mass 0 0 0 0 0 0
node 664 2.85169252143 1.99246309738 0.702186173842 -mass 0 0 0 0 0 0
node 665 2.75659853729 2.01937371967 0.67310922727 -mass 0 0 0 0 0 0
node 666 2.65653076548 2.04785237010 0.642406782917 -mass 0 0 0 0 0 0
node 667 2.94129624659 1.98353869295 0.726292913428 -mass 0 0 0 0 0 0
node 668 2.85629357178 2.00716861363 0.700553264623 -mass 0 0 0 0 0 0
node 669 2.76125254226 2.03402594554 0.671508113601 -mass 0 0 0 0 0 0
node 670 2.66119233539 2.06249698306 0.64081021147 -mass 0 0 0 0 0 0
node 671 2.94431005550 1.99871899289 0.729309171565 -mass 0 0 0 0 0 0
node 672 2.85954142730 2.02223570895 0.703583009448 -mass 0 0 0 0 0 0
node 673 2.76458662548 2.04905133390 0.674542827205 -mass 0 0 0 0 0 0
node 674 2.66453873686 2.07751641329 0.6438456349 -mass 0 0 0 0 0 0
node 675 2.94573942903 2.01267815653 0.736500466855 -mass 0 0 0 0 0 0
node 676 2.86120342021 2.03612503060 0.710729392742 -mass 0 0 0 0 0 0
node 677 2.76633432027 2.06291492429 0.681672663975 -mass 0 0 0 0 0 0
node 678 2.66629867477 2.09137632778 0.65097310788 -mass 0 0 0 0 0 0
fix 110 1 1 1 0 0 0
fix 114 1 1 1 0 0 0
fix 118 1 1 1 0 0 0
fix 122 1 1 1 0 0 0
fix 126 1 1 1 0 0 0
fix 130 1 1 1 0 0 0
fix 134 1 1 1 0 0 0
fix 138 1 1 1 0 0 0
fix 142 1 1 1 0 0 0
fix 146 1 1 1 0 0 0
fix 150 1 1 1 0 0 0
fix 154 1 1 1 0 0 0
fix 158 1 1 1 0 0 0
fix 162 1 1 1 0 0 0
fix 166 1 1 1 0 0 0
fix 170 1 1 1 0 0 0
fix 174 1 1 1 0 0 0
fix 178 1 1 1 0 0 0
fix 101 1 1 1 0 0 0
fix 104 1 1 1 0 0 0
nDMaterial ElasticIsotropic 1 2100000000.0 0.3 7850.0

section PlateFiber 1 1 0.004

element ShellMITC4 1 1 2 3 4 1

element ShellMITC4 2 2 5 6 3 1

element ShellMITC4 3 5 7 8 6 1

element ShellMITC4 4 7 9 10 8 1

element ShellMITC4 5 4 3 11 12 1

element ShellMITC4 6 3 6 13 11 1

element ShellMITC4 7 6 8 14 13 1

element ShellMITC4 8 8 10 15 14 1

element ShellMITC4 9 12 11 16 17 1

element ShellMITC4 10 11 13 18 16 1

element ShellMITC4 11 13 14 19 18 1

element ShellMITC4 12 14 15 20 19 1

element ShellMITC4 13 17 16 21 22 1

element ShellMITC4 14 16 18 23 21 1

element ShellMITC4 15 18 19 24 23 1

element ShellMITC4 16 19 20 25 24 1

element ShellMITC4 17 22 21 26 27 1

element ShellMITC4 18 21 23 28 26 1

element ShellMITC4 19 23 24 29 28 1

element ShellMITC4 20 24 25 30 29 1

element ShellMITC4 21 27 26 31 32 1

element ShellMITC4 22 26 28 33 31 1

element ShellMITC4 23 28 29 34 33 1

element ShellMITC4 24 29 30 35 34 1

element ShellMITC4 25 32 31 36 37 1

element ShellMITC4 26 31 33 38 36 1

element ShellMITC4 27 33 34 39 38 1

element ShellMITC4 28 34 35 40 39 1

element ShellMITC4 29 37 36 41 42 1

element ShellMITC4 30 36 38 43 41 1

element ShellMITC4 31 38 39 44 43 1

element ShellMITC4 32 39 40 45 44 1

element ShellMITC4 33 42 41 46 47 1

element ShellMITC4 34 41 43 48 46 1

element ShellMITC4 35 43 44 49 48 1

element ShellMITC4 36 44 45 50 49 1

element ShellMITC4 37 47 46 51 52 1

element ShellMITC4 38 46 48 53 51 1

element ShellMITC4 39 48 49 54 53 1

element ShellMITC4 40 49 50 55 54 1

element ShellMITC4 41 52 51 56 57 1

element ShellMITC4 42 51 53 58 56 1

element ShellMITC4 43 53 54 59 58 1

element ShellMITC4 44 54 55 60 59 1

element ShellMITC4 45 57 56 61 62 1

element ShellMITC4 46 56 58 63 61 1

element ShellMITC4 47 58 59 64 63 1

element ShellMITC4 48 59 60 65 64 1

element ShellMITC4 49 62 61 66 67 1

element ShellMITC4 50 61 63 68 66 1

element ShellMITC4 51 63 64 69 68 1

element ShellMITC4 52 64 65 70 69 1

element ShellMITC4 53 67 66 71 72 1

element ShellMITC4 54 66 68 73 71 1

element ShellMITC4 55 68 69 74 73 1

element ShellMITC4 56 69 70 75 74 1

element ShellMITC4 57 72 71 76 77 1

element ShellMITC4 58 71 73 78 76 1

element ShellMITC4 59 73 74 79 78 1

element ShellMITC4 60 74 75 80 79 1

element ShellMITC4 61 77 76 81 82 1

element ShellMITC4 62 76 78 83 81 1

element ShellMITC4 63 78 79 84 83 1

element ShellMITC4 64 79 80 85 84 1

element ShellMITC4 65 82 81 86 87 1

element ShellMITC4 66 81 83 88 86 1

element ShellMITC4 67 83 84 89 88 1

element ShellMITC4 68 84 85 90 89 1

element ShellMITC4 69 87 86 91 92 1

element ShellMITC4 70 86 88 93 91 1

element ShellMITC4 71 88 89 94 93 1

element ShellMITC4 72 89 90 95 94 1

element ShellMITC4 73 92 91 96 97 1

element ShellMITC4 74 91 93 98 96 1

element ShellMITC4 75 93 94 99 98 1

element ShellMITC4 76 94 95 100 99 1

element ShellMITC4 77 97 96 2 1 1

element ShellMITC4 78 96 98 5 2 1

element ShellMITC4 79 98 99 7 5 1

element ShellMITC4 80 99 100 9 7 1

element ShellMITC4 81 101 102 103 104 1

element ShellMITC4 82 102 105 106 103 1

element ShellMITC4 83 105 107 108 106 1

element ShellMITC4 84 107 1 4 108 1

element ShellMITC4 85 104 103 109 110 1

element ShellMITC4 86 103 106 111 109 1

element ShellMITC4 87 106 108 112 111 1

element ShellMITC4 88 108 4 12 112 1

element ShellMITC4 89 110 109 113 114 1

element ShellMITC4 90 109 111 115 113 1

element ShellMITC4 91 111 112 116 115 1

element ShellMITC4 92 112 12 17 116 1

element ShellMITC4 93 114 113 117 118 1

element ShellMITC4 94 113 115 119 117 1

element ShellMITC4 95 115 116 120 119 1

element ShellMITC4 96 116 17 22 120 1

element ShellMITC4 97 118 117 121 122 1

element ShellMITC4 98 117 119 123 121 1

element ShellMITC4 99 119 120 124 123 1

element ShellMITC4 100 120 22 27 124 1

element ShellMITC4 101 122 121 125 126 1

element ShellMITC4 102 121 123 127 125 1

element ShellMITC4 103 123 124 128 127 1

element ShellMITC4 104 124 27 32 128 1

element ShellMITC4 105 126 125 129 130 1

element ShellMITC4 106 125 127 131 129 1

element ShellMITC4 107 127 128 132 131 1

element ShellMITC4 108 128 32 37 132 1

element ShellMITC4 109 130 129 133 134 1

element ShellMITC4 110 129 131 135 133 1

element ShellMITC4 111 131 132 136 135 1

element ShellMITC4 112 132 37 42 136 1

element ShellMITC4 113 134 133 137 138 1

element ShellMITC4 114 133 135 139 137 1

element ShellMITC4 115 135 136 140 139 1

element ShellMITC4 116 136 42 47 140 1

element ShellMITC4 117 138 137 141 142 1

element ShellMITC4 118 137 139 143 141 1

element ShellMITC4 119 139 140 144 143 1

element ShellMITC4 120 140 47 52 144 1

element ShellMITC4 121 142 141 145 146 1

element ShellMITC4 122 141 143 147 145 1

element ShellMITC4 123 143 144 148 147 1

element ShellMITC4 124 144 52 57 148 1

element ShellMITC4 125 146 145 149 150 1

element ShellMITC4 126 145 147 151 149 1

element ShellMITC4 127 147 148 152 151 1

element ShellMITC4 128 148 57 62 152 1

element ShellMITC4 129 150 149 153 154 1

element ShellMITC4 130 149 151 155 153 1

element ShellMITC4 131 151 152 156 155 1

element ShellMITC4 132 152 62 67 156 1

element ShellMITC4 133 154 153 157 158 1

element ShellMITC4 134 153 155 159 157 1

element ShellMITC4 135 155 156 160 159 1

element ShellMITC4 136 156 67 72 160 1

element ShellMITC4 137 158 157 161 162 1

element ShellMITC4 138 157 159 163 161 1

element ShellMITC4 139 159 160 164 163 1

element ShellMITC4 140 160 72 77 164 1

element ShellMITC4 141 162 161 165 166 1

element ShellMITC4 142 161 163 167 165 1

element ShellMITC4 143 163 164 168 167 1

element ShellMITC4 144 164 77 82 168 1

element ShellMITC4 145 166 165 169 170 1

element ShellMITC4 146 165 167 171 169 1

element ShellMITC4 147 167 168 172 171 1

element ShellMITC4 148 168 82 87 172 1

element ShellMITC4 149 170 169 173 174 1

element ShellMITC4 150 169 171 175 173 1

element ShellMITC4 151 171 172 176 175 1

element ShellMITC4 152 172 87 92 176 1

element ShellMITC4 153 174 173 177 178 1

element ShellMITC4 154 173 175 179 177 1

element ShellMITC4 155 175 176 180 179 1

element ShellMITC4 156 176 92 97 180 1

element ShellMITC4 157 178 177 102 101 1

element ShellMITC4 158 177 179 105 102 1

element ShellMITC4 159 179 180 107 105 1

element ShellMITC4 160 180 97 1 107 1

element ShellMITC4 161 85 181 182 183 1

element ShellMITC4 162 181 184 185 182 1

element ShellMITC4 163 184 186 187 185 1

element ShellMITC4 164 186 188 189 187 1

element ShellMITC4 165 183 182 190 191 1

element ShellMITC4 166 182 185 192 190 1

element ShellMITC4 167 185 187 193 192 1

element ShellMITC4 168 187 189 194 193 1

element ShellMITC4 169 191 190 195 196 1

element ShellMITC4 170 190 192 197 195 1

element ShellMITC4 171 192 193 198 197 1

element ShellMITC4 172 193 194 199 198 1

element ShellMITC4 173 196 195 200 201 1

element ShellMITC4 174 195 197 202 200 1

element ShellMITC4 175 197 198 203 202 1

element ShellMITC4 176 198 199 204 203 1

element ShellMITC4 177 201 200 205 206 1

element ShellMITC4 178 200 202 207 205 1

element ShellMITC4 179 202 203 208 207 1

element ShellMITC4 180 203 204 209 208 1

element ShellMITC4 181 206 205 210 211 1

element ShellMITC4 182 205 207 212 210 1

element ShellMITC4 183 207 208 213 212 1

element ShellMITC4 184 208 209 214 213 1

element ShellMITC4 185 211 210 215 216 1

element ShellMITC4 186 210 212 217 215 1

element ShellMITC4 187 212 213 218 217 1

element ShellMITC4 188 213 214 219 218 1

element ShellMITC4 189 216 215 220 221 1

element ShellMITC4 190 215 217 222 220 1

element ShellMITC4 191 217 218 223 222 1

element ShellMITC4 192 218 219 224 223 1

element ShellMITC4 193 221 220 225 226 1

element ShellMITC4 194 220 222 227 225 1

element ShellMITC4 195 222 223 228 227 1

element ShellMITC4 196 223 224 229 228 1

element ShellMITC4 197 226 225 230 231 1

element ShellMITC4 198 225 227 232 230 1

element ShellMITC4 199 227 228 233 232 1

element ShellMITC4 200 228 229 234 233 1

element ShellMITC4 201 231 230 235 236 1

element ShellMITC4 202 230 232 237 235 1

element ShellMITC4 203 232 233 238 237 1

element ShellMITC4 204 233 234 239 238 1

element ShellMITC4 205 236 235 240 241 1

element ShellMITC4 206 235 237 242 240 1

element ShellMITC4 207 237 238 243 242 1

element ShellMITC4 208 238 239 244 243 1

element ShellMITC4 209 241 240 245 246 1

element ShellMITC4 210 240 242 247 245 1

element ShellMITC4 211 242 243 248 247 1

element ShellMITC4 212 243 244 249 248 1

element ShellMITC4 213 246 245 250 251 1

element ShellMITC4 214 245 247 252 250 1

element ShellMITC4 215 247 248 253 252 1

element ShellMITC4 216 248 249 254 253 1

element ShellMITC4 217 251 250 255 256 1

element ShellMITC4 218 250 252 257 255 1

element ShellMITC4 219 252 253 258 257 1

element ShellMITC4 220 253 254 259 258 1

element ShellMITC4 221 256 255 260 65 1

element ShellMITC4 222 255 257 261 260 1

element ShellMITC4 223 257 258 262 261 1

element ShellMITC4 224 258 259 263 262 1

element ShellMITC4 225 65 260 264 70 1

element ShellMITC4 226 260 261 265 264 1

element ShellMITC4 227 261 262 266 265 1

element ShellMITC4 228 262 263 267 266 1

element ShellMITC4 229 70 264 268 75 1

element ShellMITC4 230 264 265 269 268 1

element ShellMITC4 231 265 266 270 269 1

element ShellMITC4 232 266 267 271 270 1

element ShellMITC4 233 75 268 272 80 1

element ShellMITC4 234 268 269 273 272 1

element ShellMITC4 235 269 270 274 273 1

element ShellMITC4 236 270 271 275 274 1

element ShellMITC4 237 80 272 181 85 1

element ShellMITC4 238 272 273 184 181 1

element ShellMITC4 239 273 274 186 184 1

element ShellMITC4 240 274 275 188 186 1

element ShellMITC4 241 188 276 277 189 1

element ShellMITC4 242 276 278 279 277 1

element ShellMITC4 243 278 280 281 279 1

element ShellMITC4 244 280 282 283 281 1

element ShellMITC4 245 189 277 284 194 1

element ShellMITC4 246 277 279 285 284 1

element ShellMITC4 247 279 281 286 285 1

element ShellMITC4 248 281 283 287 286 1

element ShellMITC4 249 194 284 288 199 1

element ShellMITC4 250 284 285 289 288 1

element ShellMITC4 251 285 286 290 289 1

element ShellMITC4 252 286 287 291 290 1

element ShellMITC4 253 199 288 292 204 1

element ShellMITC4 254 288 289 293 292 1

element ShellMITC4 255 289 290 294 293 1

element ShellMITC4 256 290 291 295 294 1

element ShellMITC4 257 204 292 296 209 1

element ShellMITC4 258 292 293 297 296 1

element ShellMITC4 259 293 294 298 297 1

element ShellMITC4 260 294 295 299 298 1

element ShellMITC4 261 209 296 300 214 1

element ShellMITC4 262 296 297 301 300 1

element ShellMITC4 263 297 298 302 301 1

element ShellMITC4 264 298 299 303 302 1

element ShellMITC4 265 214 300 304 219 1

element ShellMITC4 266 300 301 305 304 1

element ShellMITC4 267 301 302 306 305 1

element ShellMITC4 268 302 303 307 306 1

element ShellMITC4 269 219 304 308 224 1

element ShellMITC4 270 304 305 309 308 1

element ShellMITC4 271 305 306 310 309 1

element ShellMITC4 272 306 307 311 310 1

element ShellMITC4 273 224 308 312 229 1

element ShellMITC4 274 308 309 313 312 1

element ShellMITC4 275 309 310 314 313 1

element ShellMITC4 276 310 311 315 314 1

element ShellMITC4 277 229 312 316 234 1

element ShellMITC4 278 312 313 317 316 1

element ShellMITC4 279 313 314 318 317 1

element ShellMITC4 280 314 315 319 318 1

element ShellMITC4 281 234 316 320 239 1

element ShellMITC4 282 316 317 321 320 1

element ShellMITC4 283 317 318 322 321 1

element ShellMITC4 284 318 319 323 322 1

element ShellMITC4 285 239 320 324 244 1

element ShellMITC4 286 320 321 325 324 1

element ShellMITC4 287 321 322 326 325 1

element ShellMITC4 288 322 323 327 326 1

element ShellMITC4 289 244 324 328 249 1

element ShellMITC4 290 324 325 329 328 1

element ShellMITC4 291 325 326 330 329 1

element ShellMITC4 292 326 327 331 330 1

element ShellMITC4 293 249 328 332 254 1

element ShellMITC4 294 328 329 333 332 1

element ShellMITC4 295 329 330 334 333 1

element ShellMITC4 296 330 331 335 334 1

element ShellMITC4 297 254 332 336 259 1

element ShellMITC4 298 332 333 337 336 1

element ShellMITC4 299 333 334 338 337 1

element ShellMITC4 300 334 335 339 338 1

element ShellMITC4 301 259 336 340 263 1

element ShellMITC4 302 336 337 341 340 1

element ShellMITC4 303 337 338 342 341 1

element ShellMITC4 304 338 339 343 342 1

element ShellMITC4 305 263 340 344 267 1

element ShellMITC4 306 340 341 345 344 1

element ShellMITC4 307 341 342 346 345 1

element ShellMITC4 308 342 343 347 346 1

element ShellMITC4 309 267 344 348 271 1

element ShellMITC4 310 344 345 349 348 1

element ShellMITC4 311 345 346 350 349 1

element ShellMITC4 312 346 347 351 350 1

element ShellMITC4 313 271 348 352 275 1

element ShellMITC4 314 348 349 353 352 1

element ShellMITC4 315 349 350 354 353 1

element ShellMITC4 316 350 351 355 354 1

element ShellMITC4 317 275 352 276 188 1

element ShellMITC4 318 352 353 278 276 1

element ShellMITC4 319 353 354 280 278 1

element ShellMITC4 320 354 355 282 280 1

element ShellMITC4 321 9 356 357 10 1

element ShellMITC4 322 356 358 359 357 1

element ShellMITC4 323 358 360 361 359 1

element ShellMITC4 324 360 362 363 361 1

element ShellMITC4 325 10 357 364 15 1

element ShellMITC4 326 357 359 365 364 1

element ShellMITC4 327 359 361 366 365 1

element ShellMITC4 328 361 363 367 366 1

element ShellMITC4 329 15 364 368 20 1

element ShellMITC4 330 364 365 369 368 1

element ShellMITC4 331 365 366 370 369 1

element ShellMITC4 332 366 367 371 370 1

element ShellMITC4 333 20 368 372 25 1

element ShellMITC4 334 368 369 373 372 1

element ShellMITC4 335 369 370 374 373 1

element ShellMITC4 336 370 371 375 374 1

element ShellMITC4 337 25 372 376 377 1

element ShellMITC4 338 372 373 378 376 1

element ShellMITC4 339 373 374 379 378 1

element ShellMITC4 340 374 375 380 379 1

element ShellMITC4 341 377 376 381 382 1

element ShellMITC4 342 376 378 383 381 1

element ShellMITC4 343 378 379 384 383 1

element ShellMITC4 344 379 380 385 384 1

element ShellMITC4 345 382 381 386 387 1

element ShellMITC4 346 381 383 388 386 1

element ShellMITC4 347 383 384 389 388 1

element ShellMITC4 348 384 385 390 389 1

element ShellMITC4 349 387 386 391 221 1

element ShellMITC4 350 386 388 392 391 1

element ShellMITC4 351 388 389 393 392 1

element ShellMITC4 352 389 390 394 393 1

element ShellMITC4 353 221 391 395 216 1

element ShellMITC4 354 391 392 396 395 1

element ShellMITC4 355 392 393 397 396 1

element ShellMITC4 356 393 394 398 397 1

element ShellMITC4 357 216 395 399 211 1

element ShellMITC4 358 395 396 400 399 1

element ShellMITC4 359 396 397 401 400 1

element ShellMITC4 360 397 398 402 401 1

element ShellMITC4 361 211 399 403 206 1

element ShellMITC4 362 399 400 404 403 1

element ShellMITC4 363 400 401 405 404 1

element ShellMITC4 364 401 402 406 405 1

element ShellMITC4 365 206 403 407 201 1

element ShellMITC4 366 403 404 408 407 1

element ShellMITC4 367 404 405 409 408 1

element ShellMITC4 368 405 406 410 409 1

element ShellMITC4 369 201 407 411 196 1

element ShellMITC4 370 407 408 412 411 1

element ShellMITC4 371 408 409 413 412 1

element ShellMITC4 372 409 410 414 413 1

element ShellMITC4 373 196 411 415 191 1

element ShellMITC4 374 411 412 416 415 1

element ShellMITC4 375 412 413 417 416 1

element ShellMITC4 376 413 414 418 417 1

element ShellMITC4 377 191 415 419 183 1

element ShellMITC4 378 415 416 420 419 1

element ShellMITC4 379 416 417 421 420 1

element ShellMITC4 380 417 418 422 421 1

element ShellMITC4 381 183 419 423 85 1

element ShellMITC4 382 419 420 424 423 1

element ShellMITC4 383 420 421 425 424 1

element ShellMITC4 384 421 422 426 425 1

element ShellMITC4 385 85 423 427 90 1

element ShellMITC4 386 423 424 428 427 1

element ShellMITC4 387 424 425 429 428 1

element ShellMITC4 388 425 426 430 429 1

element ShellMITC4 389 90 427 431 95 1

element ShellMITC4 390 427 428 432 431 1

element ShellMITC4 391 428 429 433 432 1

element ShellMITC4 392 429 430 434 433 1

element ShellMITC4 393 95 431 435 100 1

element ShellMITC4 394 431 432 436 435 1

element ShellMITC4 395 432 433 437 436 1

element ShellMITC4 396 433 434 438 437 1

element ShellMITC4 397 100 435 356 9 1

element ShellMITC4 398 435 436 358 356 1

element ShellMITC4 399 436 437 360 358 1

element ShellMITC4 400 437 438 362 360 1

element ShellMITC4 401 362 439 440 363 1

element ShellMITC4 402 439 441 442 440 1

element ShellMITC4 403 441 443 444 442 1

element ShellMITC4 404 443 445 446 444 1

element ShellMITC4 405 363 440 447 367 1

element ShellMITC4 406 440 442 448 447 1

element ShellMITC4 407 442 444 449 448 1

element ShellMITC4 408 444 446 450 449 1

element ShellMITC4 409 367 447 451 371 1

element ShellMITC4 410 447 448 452 451 1

element ShellMITC4 411 448 449 453 452 1

element ShellMITC4 412 449 450 454 453 1

element ShellMITC4 413 371 451 455 375 1

element ShellMITC4 414 451 452 456 455 1

element ShellMITC4 415 452 453 457 456 1

element ShellMITC4 416 453 454 458 457 1

element ShellMITC4 417 375 455 459 380 1

element ShellMITC4 418 455 456 460 459 1

element ShellMITC4 419 456 457 461 460 1

element ShellMITC4 420 457 458 462 461 1

element ShellMITC4 421 380 459 463 385 1

element ShellMITC4 422 459 460 464 463 1

element ShellMITC4 423 460 461 465 464 1

element ShellMITC4 424 461 462 466 465 1

element ShellMITC4 425 385 463 467 390 1

element ShellMITC4 426 463 464 468 467 1

element ShellMITC4 427 464 465 469 468 1

element ShellMITC4 428 465 466 470 469 1

element ShellMITC4 429 390 467 471 394 1

element ShellMITC4 430 467 468 472 471 1

element ShellMITC4 431 468 469 473 472 1

element ShellMITC4 432 469 470 474 473 1

element ShellMITC4 433 394 471 475 398 1

element ShellMITC4 434 471 472 476 475 1

element ShellMITC4 435 472 473 477 476 1

element ShellMITC4 436 473 474 478 477 1

element ShellMITC4 437 398 475 479 402 1

element ShellMITC4 438 475 476 480 479 1

element ShellMITC4 439 476 477 481 480 1

element ShellMITC4 440 477 478 482 481 1

element ShellMITC4 441 402 479 483 406 1

element ShellMITC4 442 479 480 484 483 1

element ShellMITC4 443 480 481 485 484 1

element ShellMITC4 444 481 482 486 485 1

element ShellMITC4 445 406 483 487 410 1

element ShellMITC4 446 483 484 488 487 1

element ShellMITC4 447 484 485 489 488 1

element ShellMITC4 448 485 486 490 489 1

element ShellMITC4 449 410 487 491 414 1

element ShellMITC4 450 487 488 492 491 1

element ShellMITC4 451 488 489 493 492 1

element ShellMITC4 452 489 490 494 493 1

element ShellMITC4 453 414 491 495 418 1

element ShellMITC4 454 491 492 496 495 1

element ShellMITC4 455 492 493 497 496 1

element ShellMITC4 456 493 494 498 497 1

element ShellMITC4 457 418 495 499 422 1

element ShellMITC4 458 495 496 500 499 1

element ShellMITC4 459 496 497 501 500 1

element ShellMITC4 460 497 498 502 501 1

element ShellMITC4 461 422 499 503 426 1

element ShellMITC4 462 499 500 504 503 1

element ShellMITC4 463 500 501 505 504 1

element ShellMITC4 464 501 502 506 505 1

element ShellMITC4 465 426 503 507 430 1

element ShellMITC4 466 503 504 508 507 1

element ShellMITC4 467 504 505 509 508 1

element ShellMITC4 468 505 506 510 509 1

element ShellMITC4 469 430 507 511 434 1

element ShellMITC4 470 507 508 512 511 1

element ShellMITC4 471 508 509 513 512 1

element ShellMITC4 472 509 510 514 513 1

element ShellMITC4 473 434 511 515 438 1

element ShellMITC4 474 511 512 516 515 1

element ShellMITC4 475 512 513 517 516 1

element ShellMITC4 476 513 514 518 517 1

element ShellMITC4 477 438 515 439 362 1

element ShellMITC4 478 515 516 441 439 1

element ShellMITC4 479 516 517 443 441 1

element ShellMITC4 480 517 518 445 443 1

element ShellMITC4 481 45 519 520 50 1

element ShellMITC4 482 519 521 522 520 1

element ShellMITC4 483 521 523 524 522 1

element ShellMITC4 484 523 525 526 524 1

element ShellMITC4 485 50 520 527 55 1

element ShellMITC4 486 520 522 528 527 1

element ShellMITC4 487 522 524 529 528 1

element ShellMITC4 488 524 526 530 529 1

element ShellMITC4 489 55 527 531 60 1

element ShellMITC4 490 527 528 532 531 1

element ShellMITC4 491 528 529 533 532 1

element ShellMITC4 492 529 530 534 533 1

element ShellMITC4 493 60 531 535 65 1

element ShellMITC4 494 531 532 536 535 1

element ShellMITC4 495 532 533 537 536 1

element ShellMITC4 496 533 534 538 537 1

element ShellMITC4 497 65 535 539 256 1

element ShellMITC4 498 535 536 540 539 1

element ShellMITC4 499 536 537 541 540 1

element ShellMITC4 500 537 538 542 541 1

element ShellMITC4 501 256 539 543 251 1

element ShellMITC4 502 539 540 544 543 1

element ShellMITC4 503 540 541 545 544 1

element ShellMITC4 504 541 542 546 545 1

element ShellMITC4 505 251 543 547 246 1

element ShellMITC4 506 543 544 548 547 1

element ShellMITC4 507 544 545 549 548 1

element ShellMITC4 508 545 546 550 549 1

element ShellMITC4 509 246 547 551 241 1

element ShellMITC4 510 547 548 552 551 1

element ShellMITC4 511 548 549 553 552 1

element ShellMITC4 512 549 550 554 553 1

element ShellMITC4 513 241 551 555 236 1

element ShellMITC4 514 551 552 556 555 1

element ShellMITC4 515 552 553 557 556 1

element ShellMITC4 516 553 554 558 557 1

element ShellMITC4 517 236 555 559 231 1

element ShellMITC4 518 555 556 560 559 1

element ShellMITC4 519 556 557 561 560 1

element ShellMITC4 520 557 558 562 561 1

element ShellMITC4 521 231 559 563 226 1

element ShellMITC4 522 559 560 564 563 1

element ShellMITC4 523 560 561 565 564 1

element ShellMITC4 524 561 562 566 565 1

element ShellMITC4 525 226 563 567 221 1

element ShellMITC4 526 563 564 568 567 1

element ShellMITC4 527 564 565 569 568 1

element ShellMITC4 528 565 566 570 569 1

element ShellMITC4 529 221 567 571 387 1

element ShellMITC4 530 567 568 572 571 1

element ShellMITC4 531 568 569 573 572 1

element ShellMITC4 532 569 570 574 573 1

element ShellMITC4 533 387 571 575 382 1

element ShellMITC4 534 571 572 576 575 1

element ShellMITC4 535 572 573 577 576 1

element ShellMITC4 536 573 574 578 577 1

element ShellMITC4 537 382 575 579 377 1

element ShellMITC4 538 575 576 580 579 1

element ShellMITC4 539 576 577 581 580 1

element ShellMITC4 540 577 578 582 581 1

element ShellMITC4 541 377 579 583 25 1

element ShellMITC4 542 579 580 584 583 1

element ShellMITC4 543 580 581 585 584 1

element ShellMITC4 544 581 582 586 585 1

element ShellMITC4 545 25 583 587 30 1

element ShellMITC4 546 583 584 588 587 1

element ShellMITC4 547 584 585 589 588 1

element ShellMITC4 548 585 586 590 589 1

element ShellMITC4 549 30 587 591 35 1

element ShellMITC4 550 587 588 592 591 1

element ShellMITC4 551 588 589 593 592 1

element ShellMITC4 552 589 590 594 593 1

element ShellMITC4 553 35 591 595 40 1

element ShellMITC4 554 591 592 596 595 1

element ShellMITC4 555 592 593 597 596 1

element ShellMITC4 556 593 594 598 597 1

element ShellMITC4 557 40 595 519 45 1

element ShellMITC4 558 595 596 521 519 1

element ShellMITC4 559 596 597 523 521 1

element ShellMITC4 560 597 598 525 523 1

element ShellMITC4 561 525 599 600 526 1

element ShellMITC4 562 599 601 602 600 1

element ShellMITC4 563 601 603 604 602 1

element ShellMITC4 564 603 605 606 604 1

element ShellMITC4 565 526 600 607 530 1

element ShellMITC4 566 600 602 608 607 1

element ShellMITC4 567 602 604 609 608 1

element ShellMITC4 568 604 606 610 609 1

element ShellMITC4 569 530 607 611 534 1

element ShellMITC4 570 607 608 612 611 1

element ShellMITC4 571 608 609 613 612 1

element ShellMITC4 572 609 610 614 613 1

element ShellMITC4 573 534 611 615 538 1

element ShellMITC4 574 611 612 616 615 1

element ShellMITC4 575 612 613 617 616 1

element ShellMITC4 576 613 614 618 617 1

element ShellMITC4 577 538 615 619 542 1

element ShellMITC4 578 615 616 620 619 1

element ShellMITC4 579 616 617 621 620 1

element ShellMITC4 580 617 618 622 621 1

element ShellMITC4 581 542 619 623 546 1

element ShellMITC4 582 619 620 624 623 1

element ShellMITC4 583 620 621 625 624 1

element ShellMITC4 584 621 622 626 625 1

element ShellMITC4 585 546 623 627 550 1

element ShellMITC4 586 623 624 628 627 1

element ShellMITC4 587 624 625 629 628 1

element ShellMITC4 588 625 626 630 629 1

element ShellMITC4 589 550 627 631 554 1

element ShellMITC4 590 627 628 632 631 1

element ShellMITC4 591 628 629 633 632 1

element ShellMITC4 592 629 630 634 633 1

element ShellMITC4 593 554 631 635 558 1

element ShellMITC4 594 631 632 636 635 1

element ShellMITC4 595 632 633 637 636 1

element ShellMITC4 596 633 634 638 637 1

element ShellMITC4 597 558 635 639 562 1

element ShellMITC4 598 635 636 640 639 1

element ShellMITC4 599 636 637 641 640 1

element ShellMITC4 600 637 638 642 641 1

element ShellMITC4 601 562 639 643 566 1

element ShellMITC4 602 639 640 644 643 1

element ShellMITC4 603 640 641 645 644 1

element ShellMITC4 604 641 642 646 645 1

element ShellMITC4 605 566 643 647 570 1

element ShellMITC4 606 643 644 648 647 1

element ShellMITC4 607 644 645 649 648 1

element ShellMITC4 608 645 646 650 649 1

element ShellMITC4 609 570 647 651 574 1

element ShellMITC4 610 647 648 652 651 1

element ShellMITC4 611 648 649 653 652 1

element ShellMITC4 612 649 650 654 653 1

element ShellMITC4 613 574 651 655 578 1

element ShellMITC4 614 651 652 656 655 1

element ShellMITC4 615 652 653 657 656 1

element ShellMITC4 616 653 654 658 657 1

element ShellMITC4 617 578 655 659 582 1

element ShellMITC4 618 655 656 660 659 1

element ShellMITC4 619 656 657 661 660 1

element ShellMITC4 620 657 658 662 661 1

element ShellMITC4 621 582 659 663 586 1

element ShellMITC4 622 659 660 664 663 1

element ShellMITC4 623 660 661 665 664 1

element ShellMITC4 624 661 662 666 665 1

element ShellMITC4 625 586 663 667 590 1

element ShellMITC4 626 663 664 668 667 1

element ShellMITC4 627 664 665 669 668 1

element ShellMITC4 628 665 666 670 669 1

element ShellMITC4 629 590 667 671 594 1

element ShellMITC4 630 667 668 672 671 1

element ShellMITC4 631 668 669 673 672 1

element ShellMITC4 632 669 670 674 673 1

element ShellMITC4 633 594 671 675 598 1

element ShellMITC4 634 671 672 676 675 1

element ShellMITC4 635 672 673 677 676 1

element ShellMITC4 636 673 674 678 677 1

element ShellMITC4 637 598 675 599 525 1

element ShellMITC4 638 675 676 601 599 1

element ShellMITC4 639 676 677 603 601 1

element ShellMITC4 640 677 678 605 603 1

timeSeries Constant 1 -factor 1

pattern Plain 1 1 {
	load 355 -428.870898838 -490.023229829 1891.01744740 0.0 0.0 0.0
	load 351 -428.870898838 -490.023229829 1891.01744740 0.0 0.0 0.0
	load 347 -428.870898838 -490.023229829 1891.01744740 0.0 0.0 0.0
	load 343 -428.870898838 -490.023229829 1891.01744740 0.0 0.0 0.0
	load 339 -428.870898838 -490.023229829 1891.01744740 0.0 0.0 0.0
	load 335 -428.870898838 -490.023229829 1891.01744740 0.0 0.0 0.0
	load 331 -428.870898838 -490.023229829 1891.01744740 0.0 0.0 0.0
	load 327 -428.870898838 -490.023229829 1891.01744740 0.0 0.0 0.0
	load 323 -428.870898838 -490.023229829 1891.01744740 0.0 0.0 0.0
	load 319 -428.870898838 -490.023229829 1891.01744740 0.0 0.0 0.0
	load 315 -428.870898838 -490.023229829 1891.01744740 0.0 0.0 0.0
	load 311 -428.870898838 -490.023229829 1891.01744740 0.0 0.0 0.0
	load 307 -428.870898838 -490.023229829 1891.01744740 0.0 0.0 0.0
	load 303 -428.870898838 -490.023229829 1891.01744740 0.0 0.0 0.0
	load 299 -428.870898838 -490.023229829 1891.01744740 0.0 0.0 0.0
	load 295 -428.870898838 -490.023229829 1891.01744740 0.0 0.0 0.0
	load 291 -428.870898838 -490.023229829 1891.01744740 0.0 0.0 0.0
	load 287 -428.870898838 -490.023229829 1891.01744740 0.0 0.0 0.0
	load 283 -428.870898838 -490.023229829 1891.01744740 0.0 0.0 0.0
	load 282 -428.870898838 -490.023229829 1891.01744740 0.0 0.0 0.0
	load 518 861.119550969 -1763.98966880 -383.162585984 0.0 0.0 0.0
	load 514 861.119550969 -1763.98966880 -383.162585984 0.0 0.0 0.0
	load 510 861.119550969 -1763.98966880 -383.162585984 0.0 0.0 0.0
	load 506 861.119550969 -1763.98966880 -383.162585984 0.0 0.0 0.0
	load 502 861.119550969 -1763.98966880 -383.162585984 0.0 0.0 0.0
	load 498 861.119550969 -1763.98966880 -383.162585984 0.0 0.0 0.0
	load 494 861.119550969 -1763.98966880 -383.162585984 0.0 0.0 0.0
	load 490 861.119550969 -1763.98966880 -383.162585984 0.0 0.0 0.0
	load 486 861.119550969 -1763.98966880 -383.162585984 0.0 0.0 0.0
	load 482 861.119550969 -1763.98966880 -383.162585984 0.0 0.0 0.0
	load 478 861.119550969 -1763.98966880 -383.162585984 0.0 0.0 0.0
	load 474 861.119550969 -1763.98966880 -383.162585984 0.0 0.0 0.0
	load 470 861.119550969 -1763.98966880 -383.162585984 0.0 0.0 0.0
	load 466 861.119550969 -1763.98966880 -383.162585984 0.0 0.0 0.0
	load 462 861.119550969 -1763.98966880 -383.162585984 0.0 0.0 0.0
	load 458 861.119550969 -1763.98966880 -383.162585984 0.0 0.0 0.0
	load 454 861.119550969 -1763.98966880 -383.162585984 0.0 0.0 0.0
	load 450 861.119550969 -1763.98966880 -383.162585984 0.0 0.0 0.0
	load 446 861.119550969 -1763.98966880 -383.162585984 0.0 0.0 0.0
	load 445 861.119550969 -1763.98966880 -383.162585984 0.0 0.0 0.0
	load 678 -1844.76835559 525.474922318 -566.308944147 0.0 0.0 0.0
	load 674 -1844.76835559 525.474922318 -566.308944147 0.0 0.0 0.0
	load 670 -1844.76835559 525.474922318 -566.308944147 0.0 0.0 0.0
	load 666 -1844.76835559 525.474922318 -566.308944147 0.0 0.0 0.0
	load 662 -1844.76835559 525.474922318 -566.308944147 0.0 0.0 0.0
	load 658 -1844.76835559 525.474922318 -566.308944147 0.0 0.0 0.0
	load 654 -1844.76835559 525.474922318 -566.308944147 0.0 0.0 0.0
	load 650 -1844.76835559 525.474922318 -566.308944147 0.0 0.0 0.0
	load 646 -1844.76835559 525.474922318 -566.308944147 0.0 0.0 0.0
	load 642 -1844.76835559 525.474922318 -566.308944147 0.0 0.0 0.0
	load 638 -1844.76835559 525.474922318 -566.308944147 0.0 0.0 0.0
	load 634 -1844.76835559 525.474922318 -566.308944147 0.0 0.0 0.0
	load 630 -1844.76835559 525.474922318 -566.308944147 0.0 0.0 0.0
	load 626 -1844.76835559 525.474922318 -566.308944147 0.0 0.0 0.0
	load 622 -1844.76835559 525.474922318 -566.308944147 0.0 0.0 0.0
	load 618 -1844.76835559 525.474922318 -566.308944147 0.0 0.0 0.0
	load 614 -1844.76835559 525.474922318 -566.308944147 0.0 0.0 0.0
	load 610 -1844.76835559 525.474922318 -566.308944147 0.0 0.0 0.0
	load 606 -1844.76835559 525.474922318 -566.308944147 0.0 0.0 0.0
	load 605 -1844.76835559 525.474922318 -566.308944147 0.0 0.0 0.0
}

recorder mpco recorder.mpco -N  displacement rotation reactionForce reactionMoment -E  force stresses section.force section.fiber.stress

constraints Transformation
numberer RCM
system BandSPD
test NormDispIncr 1.0e-6 12 5
algorithm Linear
integrator LoadControl 1.0
analysis Static
analyze 1 

wipe
