model BasicBuilder -ndm 3 -ndf 6
node 1 4.97337168314186 1.10743977181029 0 -mass 0 0 0 0 0 0
node 2 4.97337168314186 1.10743977181029 1.3413917454618 -mass 0 0 0 0 0 0
node 3 4.97337168314186 1.10743977181029 2.6827834909236 -mass 0 0 0 0 0 0
node 4 4.97337168314186 1.10743977181029 4.0241752363854 -mass 0 0 0 0 0 0
node 5 4.97337168314186 1.10743977181029 5.3655669818472 -mass 0 0 0 0 0 0
node 6 4.97337168314186 1.10743977181029 6.706958727309 -mass 0 0 0 0 0 0
node 7 19.9578210245621 8.75821513997308 0 -mass 0 0 0 0 0 0
node 8 19.9578210245621 8.75821513997308 1.15136029140621 -mass 0 0 0 0 0 0
node 9 19.9578210245621 8.75821513997308 2.30272058281243 -mass 0 0 0 0 0 0
node 10 19.9578210245621 8.75821513997308 3.45408087421864 -mass 0 0 0 0 0 0
node 11 19.9578210245621 8.75821513997308 4.60544116562486 -mass 0 0 0 0 0 0
node 12 19.9578210245621 8.75821513997308 5.75680145703107 -mass 0 0 0 0 0 0
node 13 3.49295496171944 9.93863990527514 0 -mass 0 0 0 0 0 0
node 14 3.49295496171944 9.93863990527514 1.55667476167748 -mass 0 0 0 0 0 0
node 15 3.49295496171944 9.93863990527514 3.11334952335495 -mass 0 0 0 0 0 0
node 16 3.49295496171944 9.93863990527514 4.67002428503243 -mass 0 0 0 0 0 0
node 17 3.49295496171944 9.93863990527514 6.2266990467099 -mass 0 0 0 0 0 0
node 18 3.49295496171944 9.93863990527514 7.78337380838738 -mass 0 0 0 0 0 0
node 19 14.6761991803889 1.50133879925187 0 -mass 0 0 0 0 0 0
node 20 14.6761991803889 1.50133879925187 1.70019677248793 -mass 0 0 0 0 0 0
node 21 14.6761991803889 1.50133879925187 3.40039354497585 -mass 0 0 0 0 0 0
node 22 14.6761991803889 1.50133879925187 5.10059031746378 -mass 0 0 0 0 0 0
node 23 14.6761991803889 1.50133879925187 6.8007870899517 -mass 0 0 0 0 0 0
node 24 14.6761991803889 1.50133879925187 8.50098386243963 -mass 0 0 0 0 0 0
node 25 13.1288042353135 9.37574207288015 0 -mass 0 0 0 0 0 0
node 26 13.1288042353135 9.37574207288015 0.936077275190538 -mass 0 0 0 0 0 0
node 27 13.1288042353135 9.37574207288015 1.87215455038108 -mass 0 0 0 0 0 0
node 28 13.1288042353135 9.37574207288015 2.80823182557162 -mass 0 0 0 0 0 0
node 29 13.1288042353135 9.37574207288015 3.74430910076215 -mass 0 0 0 0 0 0
node 30 13.1288042353135 9.37574207288015 4.68038637595269 -mass 0 0 0 0 0 0
node 31 8.44692767991076 6.06408489219103 0 -mass 0 0 0 0 0 0
node 32 8.44692767991076 6.06408489219103 2.32079425897486 -mass 0 0 0 0 0 0
node 33 8.44692767991076 6.06408489219103 4.64158851794973 -mass 0 0 0 0 0 0
node 34 8.44692767991076 6.06408489219103 6.96238277692459 -mass 0 0 0 0 0 0
node 35 8.44692767991076 6.06408489219103 9.28317703589945 -mass 0 0 0 0 0 0
node 36 8.44692767991076 6.06408489219103 11.6039712948743 -mass 0 0 0 0 0 0
node 37 18.9678460261635 4.12496507825561 0 -mass 0 0 0 0 0 0
node 38 18.9678460261635 4.12496507825561 1.84371878329838 -mass 0 0 0 0 0 0
node 39 18.9678460261635 4.12496507825561 3.68743756659675 -mass 0 0 0 0 0 0
node 40 18.9678460261635 4.12496507825561 5.53115634989513 -mass 0 0 0 0 0 0
node 41 18.9678460261635 4.12496507825561 7.37487513319351 -mass 0 0 0 0 0 0
node 42 18.9678460261635 4.12496507825561 9.21859391649188 -mass 0 0 0 0 0 0
node 43 0.263720257330556 0.126760336629469 0 -mass 0 0 0 0 0 0
node 44 0.263720257330556 0.126760336629469 1.96198923194874 -mass 0 0 0 0 0 0
node 45 0.263720257330556 0.126760336629469 3.92397846389747 -mass 0 0 0 0 0 0
node 46 0.263720257330556 0.126760336629469 5.88596769584621 -mass 0 0 0 0 0 0
node 47 0.263720257330556 0.126760336629469 7.84795692779494 -mass 0 0 0 0 0 0
node 48 0.263720257330556 0.126760336629469 9.80994615974368 -mass 0 0 0 0 0 0
node 49 0.00596827827671928 6.37185950128914 0 -mass 0 0 0 0 0 0
node 50 0.00596827827671928 6.37185950128914 2.17727224816441 -mass 0 0 0 0 0 0
node 51 0.00596827827671928 6.37185950128914 4.35454449632882 -mass 0 0 0 0 0 0
node 52 0.00596827827671928 6.37185950128914 6.53181674449324 -mass 0 0 0 0 0 0
node 53 0.00596827827671928 6.37185950128914 8.70908899265765 -mass 0 0 0 0 0 0
node 54 0.00596827827671928 6.37185950128914 10.8863612408221 -mass 0 0 0 0 0 0
node 55 9.30376161323104 0.297106462669143 0 -mass 0 0 0 0 0 0
node 56 9.30376161323104 0.297106462669143 1.48491375627225 -mass 0 0 0 0 0 0
node 57 9.30376161323104 0.297106462669143 2.9698275125445 -mass 0 0 0 0 0 0
node 58 9.30376161323104 0.297106462669143 4.45474126881675 -mass 0 0 0 0 0 0
node 59 9.30376161323104 0.297106462669143 5.939655025089 -mass 0 0 0 0 0 0
node 60 9.30376161323104 0.297106462669143 7.42456878136125 -mass 0 0 0 0 0 0
node 61 13.2142759641699 5.12044814188054 0 -mass 0 0 0 0 0 0
node 62 13.2142759641699 5.12044814188054 0.864316269785313 -mass 0 0 0 0 0 0
node 63 13.2142759641699 5.12044814188054 1.72863253957063 -mass 0 0 0 0 0 0
node 64 13.2142759641699 5.12044814188054 2.59294880935594 -mass 0 0 0 0 0 0
node 65 13.2142759641699 5.12044814188054 3.45726507914125 -mass 0 0 0 0 0 0
node 66 13.2142759641699 5.12044814188054 4.32158134892657 -mass 0 0 0 0 0 0
node 67 3.34800458669104 4.5034214828645 0 -mass 0 0 0 0 0 0
node 68 3.34800458669104 4.5034214828645 2.17727224816441 -mass 0 0 0 0 0 0
node 69 3.34800458669104 4.5034214828645 4.35454449632882 -mass 0 0 0 0 0 0
node 70 3.34800458669104 4.5034214828645 6.53181674449324 -mass 0 0 0 0 0 0
node 71 3.34800458669104 4.5034214828645 8.70908899265765 -mass 0 0 0 0 0 0
node 72 3.34800458669104 4.5034214828645 10.8863612408221 -mass 0 0 0 0 0 0
node 73 19.6900848390954 0.0115775410139829 0 -mass 0 0 0 0 0 0
node 74 19.6900848390954 0.0115775410139829 1.07959928600099 -mass 0 0 0 0 0 0
node 75 19.6900848390954 0.0115775410139829 2.15919857200198 -mass 0 0 0 0 0 0
node 76 19.6900848390954 0.0115775410139829 3.23879785800297 -mass 0 0 0 0 0 0
node 77 19.6900848390954 0.0115775410139829 4.31839714400396 -mass 0 0 0 0 0 0
node 78 19.6900848390954 0.0115775410139829 5.39799643000495 -mass 0 0 0 0 0 0
node 79 16.0229238756108 8.3215337425105 0 -mass 0 0 0 0 0 0
node 80 16.0229238756108 8.3215337425105 1.00783828059576 -mass 0 0 0 0 0 0
node 81 16.0229238756108 8.3215337425105 2.01567656119153 -mass 0 0 0 0 0 0
node 82 16.0229238756108 8.3215337425105 3.02351484178729 -mass 0 0 0 0 0 0
node 83 16.0229238756108 8.3215337425105 4.03135312238305 -mass 0 0 0 0 0 0
node 84 16.0229238756108 8.3215337425105 5.03919140297882 -mass 0 0 0 0 0 0
node 85 0.627089329355904 3.17382244541022 0 -mass 0 0 0 0 0 0
node 86 0.627089329355904 3.17382244541022 1.26963074005657 -mass 0 0 0 0 0 0
node 87 0.627089329355904 3.17382244541022 2.53926148011315 -mass 0 0 0 0 0 0
node 88 0.627089329355904 3.17382244541022 3.80889222016972 -mass 0 0 0 0 0 0
node 89 0.627089329355904 3.17382244541022 5.0785229602263 -mass 0 0 0 0 0 0
node 90 0.627089329355904 3.17382244541022 6.34815370028287 -mass 0 0 0 0 0 0
node 91 0.0130071211666833 9.35566630184449 0 -mass 0 0 0 0 0 0
node 92 0.0130071211666833 9.35566630184449 1.48491375627225 -mass 0 0 0 0 0 0
node 93 0.0130071211666833 9.35566630184449 2.9698275125445 -mass 0 0 0 0 0 0
node 94 0.0130071211666833 9.35566630184449 4.45474126881675 -mass 0 0 0 0 0 0
node 95 0.0130071211666833 9.35566630184449 5.939655025089 -mass 0 0 0 0 0 0
node 96 0.0130071211666833 9.35566630184449 7.42456878136125 -mass 0 0 0 0 0 0
node 97 11.5408694890984 2.63208120252568 0 -mass 0 0 0 0 0 0
node 98 11.5408694890984 2.63208120252568 2.39255526438009 -mass 0 0 0 0 0 0
node 99 11.5408694890984 2.63208120252568 4.78511052876018 -mass 0 0 0 0 0 0
node 100 11.5408694890984 2.63208120252568 7.17766579314026 -mass 0 0 0 0 0 0
node 101 11.5408694890984 2.63208120252568 9.57022105752035 -mass 0 0 0 0 0 0
node 102 11.5408694890984 2.63208120252568 11.9627763219004 -mass 0 0 0 0 0 0
node 103 9.77844268538917 8.56755716193819 0 -mass 0 0 0 0 0 0
node 104 9.77844268538917 8.56755716193819 1.6284357670827 -mass 0 0 0 0 0 0
node 105 9.77844268538917 8.56755716193819 3.2568715341654 -mass 0 0 0 0 0 0
node 106 9.77844268538917 8.56755716193819 4.8853073012481 -mass 0 0 0 0 0 0
node 107 9.77844268538917 8.56755716193819 6.5137430683308 -mass 0 0 0 0 0 0
node 108 9.77844268538917 8.56755716193819 8.1421788354135 -mass 0 0 0 0 0 0
node 109 2.78150163720432 7.20168628599573 0 -mass 0 0 0 0 0 0
node 110 2.78150163720432 7.20168628599573 2.24903325356964 -mass 0 0 0 0 0 0
node 111 2.78150163720432 7.20168628599573 4.49806650713927 -mass 0 0 0 0 0 0
node 112 2.78150163720432 7.20168628599573 6.74709976070891 -mass 0 0 0 0 0 0
node 113 2.78150163720432 7.20168628599573 8.99613301427855 -mass 0 0 0 0 0 0
node 114 2.78150163720432 7.20168628599573 11.2451662678482 -mass 0 0 0 0 0 0
node 115 8.66027472012689 3.33901820859826 0 -mass 0 0 0 0 0 0
node 116 8.66027472012689 3.33901820859826 1.48491375627225 -mass 0 0 0 0 0 0
node 117 8.66027472012689 3.33901820859826 2.9698275125445 -mass 0 0 0 0 0 0
node 118 8.66027472012689 3.33901820859826 4.45474126881675 -mass 0 0 0 0 0 0
node 119 8.66027472012689 3.33901820859826 5.939655025089 -mass 0 0 0 0 0 0
node 120 8.66027472012689 3.33901820859826 7.42456878136125 -mass 0 0 0 0 0 0
node 121 5.66546687188813 6.37814573774959 0 -mass 0 0 0 0 0 0
node 122 5.66546687188813 6.37814573774959 1.48491375627225 -mass 0 0 0 0 0 0
node 123 5.66546687188813 6.37814573774959 2.9698275125445 -mass 0 0 0 0 0 0
node 124 5.66546687188813 6.37814573774959 4.45474126881675 -mass 0 0 0 0 0 0
node 125 5.66546687188813 6.37814573774959 5.939655025089 -mass 0 0 0 0 0 0
node 126 5.66546687188813 6.37814573774959 7.42456878136125 -mass 0 0 0 0 0 0
node 127 15.9069093111469 4.64384988166571 0 -mass 0 0 0 0 0 0
node 128 15.9069093111469 4.64384988166571 1.77195777789315 -mass 0 0 0 0 0 0
node 129 15.9069093111469 4.64384988166571 3.5439155557863 -mass 0 0 0 0 0 0
node 130 15.9069093111469 4.64384988166571 5.31587333367945 -mass 0 0 0 0 0 0
node 131 15.9069093111469 4.64384988166571 7.0878311115726 -mass 0 0 0 0 0 0
node 132 15.9069093111469 4.64384988166571 8.85978888946575 -mass 0 0 0 0 0 0
node 133 17.960650621895 7.39420601045443 0 -mass 0 0 0 0 0 0
node 134 17.960650621895 7.39420601045443 1.84371878329838 -mass 0 0 0 0 0 0
node 135 17.960650621895 7.39420601045443 3.68743756659675 -mass 0 0 0 0 0 0
node 136 17.960650621895 7.39420601045443 5.53115634989513 -mass 0 0 0 0 0 0
node 137 17.960650621895 7.39420601045443 7.37487513319351 -mass 0 0 0 0 0 0
node 138 17.960650621895 7.39420601045443 9.21859391649188 -mass 0 0 0 0 0 0
node 139 17.711343102954 0.567349028106476 0 -mass 0 0 0 0 0 0
node 140 17.711343102954 0.567349028106476 1.00783828059576 -mass 0 0 0 0 0 0
node 141 17.711343102954 0.567349028106476 2.01567656119153 -mass 0 0 0 0 0 0
node 142 17.711343102954 0.567349028106476 3.02351484178729 -mass 0 0 0 0 0 0
node 143 17.711343102954 0.567349028106476 4.03135312238305 -mass 0 0 0 0 0 0
node 144 17.711343102954 0.567349028106476 5.03919140297882 -mass 0 0 0 0 0 0
node 145 7.11842493485586 9.50506016123344 0 -mass 0 0 0 0 0 0
node 146 7.11842493485586 9.50506016123344 2.39255526438009 -mass 0 0 0 0 0 0
node 147 7.11842493485586 9.50506016123344 4.78511052876018 -mass 0 0 0 0 0 0
node 148 7.11842493485586 9.50506016123344 7.17766579314026 -mass 0 0 0 0 0 0
node 149 7.11842493485586 9.50506016123344 9.57022105752035 -mass 0 0 0 0 0 0
node 150 7.11842493485586 9.50506016123344 11.9627763219004 -mass 0 0 0 0 0 0
node 151 10.6344479092557 5.45642140575518 0 -mass 0 0 0 0 0 0
node 152 10.6344479092557 5.45642140575518 2.39255526438009 -mass 0 0 0 0 0 0
node 153 10.6344479092557 5.45642140575518 4.78511052876018 -mass 0 0 0 0 0 0
node 154 10.6344479092557 5.45642140575518 7.17766579314026 -mass 0 0 0 0 0 0
node 155 10.6344479092557 5.45642140575518 9.57022105752035 -mass 0 0 0 0 0 0
node 156 10.6344479092557 5.45642140575518 11.9627763219004 -mass 0 0 0 0 0 0
node 157 12.4198380170482 7.47351799042594 0 -mass 0 0 0 0 0 0
node 158 12.4198380170482 7.47351799042594 0.864316269785313 -mass 0 0 0 0 0 0
node 159 12.4198380170482 7.47351799042594 1.72863253957063 -mass 0 0 0 0 0 0
node 160 12.4198380170482 7.47351799042594 2.59294880935594 -mass 0 0 0 0 0 0
node 161 12.4198380170482 7.47351799042594 3.45726507914125 -mass 0 0 0 0 0 0
node 162 12.4198380170482 7.47351799042594 4.32158134892657 -mass 0 0 0 0 0 0
node 163 14.3958831738661 7.002923082096 0 -mass 0 0 0 0 0 0
node 164 14.3958831738661 7.002923082096 0.936077275190538 -mass 0 0 0 0 0 0
node 165 14.3958831738661 7.002923082096 1.87215455038108 -mass 0 0 0 0 0 0
node 166 14.3958831738661 7.002923082096 2.80823182557162 -mass 0 0 0 0 0 0
node 167 14.3958831738661 7.002923082096 3.74430910076215 -mass 0 0 0 0 0 0
node 168 14.3958831738661 7.002923082096 4.68038637595269 -mass 0 0 0 0 0 0
node 169 2.90335508198634 1.88763903541846 0 -mass 0 0 0 0 0 0
node 170 2.90335508198634 1.88763903541846 1.26963074005657 -mass 0 0 0 0 0 0
node 171 2.90335508198634 1.88763903541846 2.53926148011315 -mass 0 0 0 0 0 0
node 172 2.90335508198634 1.88763903541846 3.80889222016972 -mass 0 0 0 0 0 0
node 173 2.90335508198634 1.88763903541846 5.0785229602263 -mass 0 0 0 0 0 0
node 174 2.90335508198634 1.88763903541846 6.34815370028287 -mass 0 0 0 0 0 0
node 175 6.92405592041279 4.53044549773002 0 -mass 0 0 0 0 0 0
node 176 6.92405592041279 4.53044549773002 2.24903325356964 -mass 0 0 0 0 0 0
node 177 6.92405592041279 4.53044549773002 4.49806650713927 -mass 0 0 0 0 0 0
node 178 6.92405592041279 4.53044549773002 6.74709976070891 -mass 0 0 0 0 0 0
node 179 6.92405592041279 4.53044549773002 8.99613301427855 -mass 0 0 0 0 0 0
node 180 6.92405592041279 4.53044549773002 11.2451662678482 -mass 0 0 0 0 0 0
node 181 11.7142600993227 0.0705765933127034 0 -mass 0 0 0 0 0 0
node 182 11.7142600993227 0.0705765933127034 2.39255526438009 -mass 0 0 0 0 0 0
node 183 11.7142600993227 0.0705765933127034 4.78511052876018 -mass 0 0 0 0 0 0
node 184 11.7142600993227 0.0705765933127034 7.17766579314026 -mass 0 0 0 0 0 0
node 185 11.7142600993227 0.0705765933127034 9.57022105752035 -mass 0 0 0 0 0 0
node 186 11.7142600993227 0.0705765933127034 11.9627763219004 -mass 0 0 0 0 0 0
node 187 18.3617612525643 2.31074434812681 0 -mass 0 0 0 0 0 0
node 188 18.3617612525643 2.31074434812681 1.84371878329838 -mass 0 0 0 0 0 0
node 189 18.3617612525643 2.31074434812681 3.68743756659675 -mass 0 0 0 0 0 0
node 190 18.3617612525643 2.31074434812681 5.53115634989513 -mass 0 0 0 0 0 0
node 191 18.3617612525643 2.31074434812681 7.37487513319351 -mass 0 0 0 0 0 0
node 192 18.3617612525643 2.31074434812681 9.21859391649188 -mass 0 0 0 0 0 0
node 193 7.28250285018352 7.66790965929064 0 -mass 0 0 0 0 0 0
node 194 7.28250285018352 7.66790965929064 1.55667476167748 -mass 0 0 0 0 0 0
node 195 7.28250285018352 7.66790965929064 3.11334952335495 -mass 0 0 0 0 0 0
node 196 7.28250285018352 7.66790965929064 4.67002428503243 -mass 0 0 0 0 0 0
node 197 7.28250285018352 7.66790965929064 6.2266990467099 -mass 0 0 0 0 0 0
node 198 7.28250285018352 7.66790965929064 7.78337380838738 -mass 0 0 0 0 0 0
node 199 1.80883902209291 9.39981768811113 0 -mass 0 0 0 0 0 0
node 200 1.80883902209291 9.39981768811113 2.32079425897486 -mass 0 0 0 0 0 0
node 201 1.80883902209291 9.39981768811113 4.64158851794973 -mass 0 0 0 0 0 0
node 202 1.80883902209291 9.39981768811113 6.96238277692459 -mass 0 0 0 0 0 0
node 203 1.80883902209291 9.39981768811113 9.28317703589945 -mass 0 0 0 0 0 0
node 204 1.80883902209291 9.39981768811113 11.6039712948743 -mass 0 0 0 0 0 0
node 205 8.15478781617935 1.6347703019319 0 -mass 0 0 0 0 0 0
node 206 8.15478781617935 1.6347703019319 2.24903325356964 -mass 0 0 0 0 0 0
node 207 8.15478781617935 1.6347703019319 4.49806650713927 -mass 0 0 0 0 0 0
node 208 8.15478781617935 1.6347703019319 6.74709976070891 -mass 0 0 0 0 0 0
node 209 8.15478781617935 1.6347703019319 8.99613301427855 -mass 0 0 0 0 0 0
node 210 8.15478781617935 1.6347703019319 11.2451662678482 -mass 0 0 0 0 0 0
node 211 1.67823629531927 5.21315712258832 0 -mass 0 0 0 0 0 0
node 212 1.67823629531927 5.21315712258832 1.3413917454618 -mass 0 0 0 0 0 0
node 213 1.67823629531927 5.21315712258832 2.6827834909236 -mass 0 0 0 0 0 0
node 214 1.67823629531927 5.21315712258832 4.0241752363854 -mass 0 0 0 0 0 0
node 215 1.67823629531927 5.21315712258832 5.3655669818472 -mass 0 0 0 0 0 0
node 216 1.67823629531927 5.21315712258832 6.706958727309 -mass 0 0 0 0 0 0
node 217 14.3780624374645 3.7810033251443 0 -mass 0 0 0 0 0 0
node 218 14.3780624374645 3.7810033251443 1.70019677248793 -mass 0 0 0 0 0 0
node 219 14.3780624374645 3.7810033251443 3.40039354497585 -mass 0 0 0 0 0 0
node 220 14.3780624374645 3.7810033251443 5.10059031746378 -mass 0 0 0 0 0 0
node 221 14.3780624374645 3.7810033251443 6.8007870899517 -mass 0 0 0 0 0 0
node 222 14.3780624374645 3.7810033251443 8.50098386243963 -mass 0 0 0 0 0 0
node 223 11.4485063829685 9.24047007190086 0 -mass 0 0 0 0 0 0
node 224 11.4485063829685 9.24047007190086 1.70019677248793 -mass 0 0 0 0 0 0
node 225 11.4485063829685 9.24047007190086 3.40039354497585 -mass 0 0 0 0 0 0
node 226 11.4485063829685 9.24047007190086 5.10059031746378 -mass 0 0 0 0 0 0
node 227 11.4485063829685 9.24047007190086 6.8007870899517 -mass 0 0 0 0 0 0
node 228 11.4485063829685 9.24047007190086 8.50098386243963 -mass 0 0 0 0 0 0
node 229 5.75775848969713 3.12760474771615 0 -mass 0 0 0 0 0 0
node 230 5.75775848969713 3.12760474771615 1.41315275086702 -mass 0 0 0 0 0 0
node 231 5.75775848969713 3.12760474771615 2.82630550173405 -mass 0 0 0 0 0 0
node 232 5.75775848969713 3.12760474771615 4.23945825260107 -mass 0 0 0 0 0 0
node 233 5.75775848969713 3.12760474771615 5.6526110034681 -mass 0 0 0 0 0 0
node 234 5.75775848969713 3.12760474771615 7.06576375433512 -mass 0 0 0 0 0 0
node 235 4.79348416663403 8.53127887869779 0 -mass 0 0 0 0 0 0
node 236 4.79348416663403 8.53127887869779 2.32079425897486 -mass 0 0 0 0 0 0
node 237 4.79348416663403 8.53127887869779 4.64158851794973 -mass 0 0 0 0 0 0
node 238 4.79348416663403 8.53127887869779 6.96238277692459 -mass 0 0 0 0 0 0
node 239 4.79348416663403 8.53127887869779 9.28317703589945 -mass 0 0 0 0 0 0
node 240 4.79348416663403 8.53127887869779 11.6039712948743 -mass 0 0 0 0 0 0
node 241 17.4524465284555 9.88295321812991 0 -mass 0 0 0 0 0 0
node 242 17.4524465284555 9.88295321812991 1.07959928600099 -mass 0 0 0 0 0 0
node 243 17.4524465284555 9.88295321812991 2.15919857200198 -mass 0 0 0 0 0 0
node 244 17.4524465284555 9.88295321812991 3.23879785800297 -mass 0 0 0 0 0 0
node 245 17.4524465284555 9.88295321812991 4.31839714400396 -mass 0 0 0 0 0 0
node 246 17.4524465284555 9.88295321812991 5.39799643000495 -mass 0 0 0 0 0 0
node 247 8.66661503383266 9.8034459724107 0 -mass 0 0 0 0 0 0
node 248 8.66661503383266 9.8034459724107 1.6284357670827 -mass 0 0 0 0 0 0
node 249 8.66661503383266 9.8034459724107 3.2568715341654 -mass 0 0 0 0 0 0
node 250 8.66661503383266 9.8034459724107 4.8853073012481 -mass 0 0 0 0 0 0
node 251 8.66661503383266 9.8034459724107 6.5137430683308 -mass 0 0 0 0 0 0
node 252 8.66661503383266 9.8034459724107 8.1421788354135 -mass 0 0 0 0 0 0
node 253 12.9857014738888 1.26740706677893 0 -mass 0 0 0 0 0 0
node 254 12.9857014738888 1.26740706677893 1.6284357670827 -mass 0 0 0 0 0 0
node 255 12.9857014738888 1.26740706677893 3.2568715341654 -mass 0 0 0 0 0 0
node 256 12.9857014738888 1.26740706677893 4.8853073012481 -mass 0 0 0 0 0 0
node 257 12.9857014738888 1.26740706677893 6.5137430683308 -mass 0 0 0 0 0 0
node 258 12.9857014738888 1.26740706677893 8.1421788354135 -mass 0 0 0 0 0 0
node 259 17.8260497273067 5.67019657961568 0 -mass 0 0 0 0 0 0
node 260 17.8260497273067 5.67019657961568 1.84371878329838 -mass 0 0 0 0 0 0
node 261 17.8260497273067 5.67019657961568 3.68743756659675 -mass 0 0 0 0 0 0
node 262 17.8260497273067 5.67019657961568 5.53115634989513 -mass 0 0 0 0 0 0
node 263 17.8260497273067 5.67019657961568 7.37487513319351 -mass 0 0 0 0 0 0
node 264 17.8260497273067 5.67019657961568 9.21859391649188 -mass 0 0 0 0 0 0
node 265 10.8486988632235 7.18420625533173 0 -mass 0 0 0 0 0 0
node 266 10.8486988632235 7.18420625533173 1.6284357670827 -mass 0 0 0 0 0 0
node 267 10.8486988632235 7.18420625533173 3.2568715341654 -mass 0 0 0 0 0 0
node 268 10.8486988632235 7.18420625533173 4.8853073012481 -mass 0 0 0 0 0 0
node 269 10.8486988632235 7.18420625533173 6.5137430683308 -mass 0 0 0 0 0 0
node 270 10.8486988632235 7.18420625533173 8.1421788354135 -mass 0 0 0 0 0 0
node 271 17.3317263635489 3.51968304883674 0 -mass 0 0 0 0 0 0
node 272 17.3317263635489 3.51968304883674 1.00783828059576 -mass 0 0 0 0 0 0
node 273 17.3317263635489 3.51968304883674 2.01567656119153 -mass 0 0 0 0 0 0
node 274 17.3317263635489 3.51968304883674 3.02351484178729 -mass 0 0 0 0 0 0
node 275 17.3317263635489 3.51968304883674 4.03135312238305 -mass 0 0 0 0 0 0
node 276 17.3317263635489 3.51968304883674 5.03919140297882 -mass 0 0 0 0 0 0
node 277 6.56267071448391 0.0491342414399303 0 -mass 0 0 0 0 0 0
node 278 6.56267071448391 0.0491342414399303 1.41315275086702 -mass 0 0 0 0 0 0
node 279 6.56267071448391 0.0491342414399303 2.82630550173405 -mass 0 0 0 0 0 0
node 280 6.56267071448391 0.0491342414399303 4.23945825260107 -mass 0 0 0 0 0 0
node 281 6.56267071448391 0.0491342414399303 5.6526110034681 -mass 0 0 0 0 0 0
node 282 6.56267071448391 0.0491342414399303 7.06576375433512 -mass 0 0 0 0 0 0
node 283 1.34912720944226 1.78261339747469 0 -mass 0 0 0 0 0 0
node 284 1.34912720944226 1.78261339747469 2.03375023735396 -mass 0 0 0 0 0 0
node 285 1.34912720944226 1.78261339747469 4.06750047470792 -mass 0 0 0 0 0 0
node 286 1.34912720944226 1.78261339747469 6.10125071206188 -mass 0 0 0 0 0 0
node 287 1.34912720944226 1.78261339747469 8.13500094941585 -mass 0 0 0 0 0 0
node 288 1.34912720944226 1.78261339747469 10.1687511867698 -mass 0 0 0 0 0 0
node 289 15.7264617531218 6.14878060116841 0 -mass 0 0 0 0 0 0
node 290 15.7264617531218 6.14878060116841 1.77195777789315 -mass 0 0 0 0 0 0
node 291 15.7264617531218 6.14878060116841 3.5439155557863 -mass 0 0 0 0 0 0
node 292 15.7264617531218 6.14878060116841 5.31587333367945 -mass 0 0 0 0 0 0
node 293 15.7264617531218 6.14878060116841 7.0878311115726 -mass 0 0 0 0 0 0
node 294 15.7264617531218 6.14878060116841 8.85978888946575 -mass 0 0 0 0 0 0
node 295 15.9975269511331 2.18980438643592 0 -mass 0 0 0 0 0 0
node 296 15.9975269511331 2.18980438643592 0.936077275190538 -mass 0 0 0 0 0 0
node 297 15.9975269511331 2.18980438643592 1.87215455038108 -mass 0 0 0 0 0 0
node 298 15.9975269511331 2.18980438643592 2.80823182557162 -mass 0 0 0 0 0 0
node 299 15.9975269511331 2.18980438643592 3.74430910076215 -mass 0 0 0 0 0 0
node 300 15.9975269511331 2.18980438643592 4.68038637595269 -mass 0 0 0 0 0 0
fix 1 1 1 1 1 1 1
fix 7 1 1 1 1 1 1
fix 13 1 1 1 1 1 1
fix 19 1 1 1 1 1 1
fix 25 1 1 1 1 1 1
fix 31 1 1 1 1 1 1
fix 37 1 1 1 1 1 1
fix 43 1 1 1 1 1 1
fix 49 1 1 1 1 1 1
fix 55 1 1 1 1 1 1
fix 61 1 1 1 1 1 1
fix 67 1 1 1 1 1 1
fix 73 1 1 1 1 1 1
fix 79 1 1 1 1 1 1
fix 85 1 1 1 1 1 1
fix 91 1 1 1 1 1 1
fix 97 1 1 1 1 1 1
fix 103 1 1 1 1 1 1
fix 109 1 1 1 1 1 1
fix 115 1 1 1 1 1 1
fix 121 1 1 1 1 1 1
fix 127 1 1 1 1 1 1
fix 133 1 1 1 1 1 1
fix 139 1 1 1 1 1 1
fix 145 1 1 1 1 1 1
fix 151 1 1 1 1 1 1
fix 157 1 1 1 1 1 1
fix 163 1 1 1 1 1 1
fix 169 1 1 1 1 1 1
fix 175 1 1 1 1 1 1
fix 181 1 1 1 1 1 1
fix 187 1 1 1 1 1 1
fix 193 1 1 1 1 1 1
fix 199 1 1 1 1 1 1
fix 205 1 1 1 1 1 1
fix 211 1 1 1 1 1 1
fix 217 1 1 1 1 1 1
fix 223 1 1 1 1 1 1
fix 229 1 1 1 1 1 1
fix 235 1 1 1 1 1 1
fix 241 1 1 1 1 1 1
fix 247 1 1 1 1 1 1
fix 253 1 1 1 1 1 1
fix 259 1 1 1 1 1 1
fix 265 1 1 1 1 1 1
fix 271 1 1 1 1 1 1
fix 277 1 1 1 1 1 1
fix 283 1 1 1 1 1 1
fix 289 1 1 1 1 1 1
fix 295 1 1 1 1 1 1
uniaxialMaterial Elastic 1 21000000000 0 210000000000
section Elastic 1 21000000000 0.5 0.125 0.5 80760000000 0.0247524752475248 0.833333333333333 0.833333333333333
geomTransf Linear 1 1 0 0
element forceBeamColumn 1 1 2 1 NewtonCotes 1 5 -mass 1250
geomTransf Linear 2 1 0 0
element forceBeamColumn 2 2 3 2 NewtonCotes 1 5 -mass 1250
geomTransf Linear 3 1 0 0
element forceBeamColumn 3 3 4 3 NewtonCotes 1 5 -mass 1250
geomTransf Linear 4 1 0 0
element forceBeamColumn 4 4 5 4 NewtonCotes 1 5 -mass 1250
geomTransf Linear 5 1 0 0
element forceBeamColumn 5 5 6 5 NewtonCotes 1 5 -mass 1250
geomTransf Linear 6 1 0 0
element forceBeamColumn 6 7 8 6 NewtonCotes 1 5 -mass 1250
geomTransf Linear 7 1 0 0
element forceBeamColumn 7 8 9 7 NewtonCotes 1 5 -mass 1250
geomTransf Linear 8 1 0 0
element forceBeamColumn 8 9 10 8 NewtonCotes 1 5 -mass 1250
geomTransf Linear 9 1 0 0
element forceBeamColumn 9 10 11 9 NewtonCotes 1 5 -mass 1250
geomTransf Linear 10 1 0 0
element forceBeamColumn 10 11 12 10 NewtonCotes 1 5 -mass 1250
geomTransf Linear 11 1 -4.55922732834458E-31 0
element forceBeamColumn 11 13 14 11 NewtonCotes 1 5 -mass 1250
geomTransf Linear 12 1 -4.55922732834458E-31 0
element forceBeamColumn 12 14 15 12 NewtonCotes 1 5 -mass 1250
geomTransf Linear 13 1 -4.55922732834458E-31 0
element forceBeamColumn 13 15 16 13 NewtonCotes 1 5 -mass 1250
geomTransf Linear 14 1 -4.55922732834459E-31 0
element forceBeamColumn 14 16 17 14 NewtonCotes 1 5 -mass 1250
geomTransf Linear 15 1 -4.55922732834458E-31 0
element forceBeamColumn 15 17 18 15 NewtonCotes 1 5 -mass 1250
geomTransf Linear 16 1 0 0
element forceBeamColumn 16 19 20 16 NewtonCotes 1 5 -mass 1250
geomTransf Linear 17 1 0 0
element forceBeamColumn 17 20 21 17 NewtonCotes 1 5 -mass 1250
geomTransf Linear 18 1 0 0
element forceBeamColumn 18 21 22 18 NewtonCotes 1 5 -mass 1250
geomTransf Linear 19 1 0 0
element forceBeamColumn 19 22 23 19 NewtonCotes 1 5 -mass 1250
geomTransf Linear 20 1 0 0
element forceBeamColumn 20 23 24 20 NewtonCotes 1 5 -mass 1250
geomTransf Linear 21 1 0 0
element forceBeamColumn 21 25 26 21 NewtonCotes 1 5 -mass 1250
geomTransf Linear 22 1 0 0
element forceBeamColumn 22 26 27 22 NewtonCotes 1 5 -mass 1250
geomTransf Linear 23 1 0 0
element forceBeamColumn 23 27 28 23 NewtonCotes 1 5 -mass 1250
geomTransf Linear 24 1 0 0
element forceBeamColumn 24 28 29 24 NewtonCotes 1 5 -mass 1250
geomTransf Linear 25 1 0 0
element forceBeamColumn 25 29 30 25 NewtonCotes 1 5 -mass 1250
geomTransf Linear 26 1 0 0
element forceBeamColumn 26 31 32 26 NewtonCotes 1 5 -mass 1250
geomTransf Linear 27 1 0 0
element forceBeamColumn 27 32 33 27 NewtonCotes 1 5 -mass 1250
geomTransf Linear 28 1 0 0
element forceBeamColumn 28 33 34 28 NewtonCotes 1 5 -mass 1250
geomTransf Linear 29 1 0 0
element forceBeamColumn 29 34 35 29 NewtonCotes 1 5 -mass 1250
geomTransf Linear 30 1 0 0
element forceBeamColumn 30 35 36 30 NewtonCotes 1 5 -mass 1250
geomTransf Linear 31 1 0 0
element forceBeamColumn 31 37 38 31 NewtonCotes 1 5 -mass 1250
geomTransf Linear 32 1 0 0
element forceBeamColumn 32 38 39 32 NewtonCotes 1 5 -mass 1250
geomTransf Linear 33 1 0 0
element forceBeamColumn 33 39 40 33 NewtonCotes 1 5 -mass 1250
geomTransf Linear 34 1 0 0
element forceBeamColumn 34 40 41 34 NewtonCotes 1 5 -mass 1250
geomTransf Linear 35 1 0 0
element forceBeamColumn 35 41 42 35 NewtonCotes 1 5 -mass 1250
geomTransf Linear 36 1 0 0
element forceBeamColumn 36 43 44 36 NewtonCotes 1 5 -mass 1250
geomTransf Linear 37 1 0 0
element forceBeamColumn 37 44 45 37 NewtonCotes 1 5 -mass 1250
geomTransf Linear 38 1 0 0
element forceBeamColumn 38 45 46 38 NewtonCotes 1 5 -mass 1250
geomTransf Linear 39 1 0 0
element forceBeamColumn 39 46 47 39 NewtonCotes 1 5 -mass 1250
geomTransf Linear 40 1 0 0
element forceBeamColumn 40 47 48 40 NewtonCotes 1 5 -mass 1250
geomTransf Linear 41 1 0 0
element forceBeamColumn 41 49 50 41 NewtonCotes 1 5 -mass 1250
geomTransf Linear 42 1 0 0
element forceBeamColumn 42 50 51 42 NewtonCotes 1 5 -mass 1250
geomTransf Linear 43 1 0 0
element forceBeamColumn 43 51 52 43 NewtonCotes 1 5 -mass 1250
geomTransf Linear 44 1 0 0
element forceBeamColumn 44 52 53 44 NewtonCotes 1 5 -mass 1250
geomTransf Linear 45 1 0 0
element forceBeamColumn 45 53 54 45 NewtonCotes 1 5 -mass 1250
geomTransf Linear 46 1 0 0
element forceBeamColumn 46 55 56 46 NewtonCotes 1 5 -mass 1250
geomTransf Linear 47 1 0 0
element forceBeamColumn 47 56 57 47 NewtonCotes 1 5 -mass 1250
geomTransf Linear 48 1 0 0
element forceBeamColumn 48 57 58 48 NewtonCotes 1 5 -mass 1250
geomTransf Linear 49 1 0 0
element forceBeamColumn 49 58 59 49 NewtonCotes 1 5 -mass 1250
geomTransf Linear 50 1 0 0
element forceBeamColumn 50 59 60 50 NewtonCotes 1 5 -mass 1250
geomTransf Linear 51 1 0 0
element forceBeamColumn 51 61 62 51 NewtonCotes 1 5 -mass 1250
geomTransf Linear 52 1 0 0
element forceBeamColumn 52 62 63 52 NewtonCotes 1 5 -mass 1250
geomTransf Linear 53 1 0 0
element forceBeamColumn 53 63 64 53 NewtonCotes 1 5 -mass 1250
geomTransf Linear 54 1 0 0
element forceBeamColumn 54 64 65 54 NewtonCotes 1 5 -mass 1250
geomTransf Linear 55 1 0 0
element forceBeamColumn 55 65 66 55 NewtonCotes 1 5 -mass 1250
geomTransf Linear 56 1 0 0
element forceBeamColumn 56 67 68 56 NewtonCotes 1 5 -mass 1250
geomTransf Linear 57 1 0 0
element forceBeamColumn 57 68 69 57 NewtonCotes 1 5 -mass 1250
geomTransf Linear 58 1 0 0
element forceBeamColumn 58 69 70 58 NewtonCotes 1 5 -mass 1250
geomTransf Linear 59 1 0 0
element forceBeamColumn 59 70 71 59 NewtonCotes 1 5 -mass 1250
geomTransf Linear 60 1 0 0
element forceBeamColumn 60 71 72 60 NewtonCotes 1 5 -mass 1250
geomTransf Linear 61 1 0 0
element forceBeamColumn 61 73 74 61 NewtonCotes 1 5 -mass 1250
geomTransf Linear 62 1 0 0
element forceBeamColumn 62 74 75 62 NewtonCotes 1 5 -mass 1250
geomTransf Linear 63 1 0 0
element forceBeamColumn 63 75 76 63 NewtonCotes 1 5 -mass 1250
geomTransf Linear 64 1 0 0
element forceBeamColumn 64 76 77 64 NewtonCotes 1 5 -mass 1250
geomTransf Linear 65 1 0 0
element forceBeamColumn 65 77 78 65 NewtonCotes 1 5 -mass 1250
geomTransf Linear 66 1 0 0
element forceBeamColumn 66 79 80 66 NewtonCotes 1 5 -mass 1250
geomTransf Linear 67 1 0 0
element forceBeamColumn 67 80 81 67 NewtonCotes 1 5 -mass 1250
geomTransf Linear 68 1 0 0
element forceBeamColumn 68 81 82 68 NewtonCotes 1 5 -mass 1250
geomTransf Linear 69 1 0 0
element forceBeamColumn 69 82 83 69 NewtonCotes 1 5 -mass 1250
geomTransf Linear 70 1 0 0
element forceBeamColumn 70 83 84 70 NewtonCotes 1 5 -mass 1250
geomTransf Linear 71 1 0 0
element forceBeamColumn 71 85 86 71 NewtonCotes 1 5 -mass 1250
geomTransf Linear 72 1 0 0
element forceBeamColumn 72 86 87 72 NewtonCotes 1 5 -mass 1250
geomTransf Linear 73 1 0 0
element forceBeamColumn 73 87 88 73 NewtonCotes 1 5 -mass 1250
geomTransf Linear 74 1 0 0
element forceBeamColumn 74 88 89 74 NewtonCotes 1 5 -mass 1250
geomTransf Linear 75 1 0 0
element forceBeamColumn 75 89 90 75 NewtonCotes 1 5 -mass 1250
geomTransf Linear 76 1 0 0
element forceBeamColumn 76 91 92 76 NewtonCotes 1 5 -mass 1250
geomTransf Linear 77 1 0 0
element forceBeamColumn 77 92 93 77 NewtonCotes 1 5 -mass 1250
geomTransf Linear 78 1 0 0
element forceBeamColumn 78 93 94 78 NewtonCotes 1 5 -mass 1250
geomTransf Linear 79 1 0 0
element forceBeamColumn 79 94 95 79 NewtonCotes 1 5 -mass 1250
geomTransf Linear 80 1 0 0
element forceBeamColumn 80 95 96 80 NewtonCotes 1 5 -mass 1250
geomTransf Linear 81 1 0 0
element forceBeamColumn 81 97 98 81 NewtonCotes 1 5 -mass 1250
geomTransf Linear 82 1 0 0
element forceBeamColumn 82 98 99 82 NewtonCotes 1 5 -mass 1250
geomTransf Linear 83 1 0 0
element forceBeamColumn 83 99 100 83 NewtonCotes 1 5 -mass 1250
geomTransf Linear 84 1 0 0
element forceBeamColumn 84 100 101 84 NewtonCotes 1 5 -mass 1250
geomTransf Linear 85 1 0 0
element forceBeamColumn 85 101 102 85 NewtonCotes 1 5 -mass 1250
geomTransf Linear 86 1 0 0
element forceBeamColumn 86 103 104 86 NewtonCotes 1 5 -mass 1250
geomTransf Linear 87 1 0 0
element forceBeamColumn 87 104 105 87 NewtonCotes 1 5 -mass 1250
geomTransf Linear 88 1 0 0
element forceBeamColumn 88 105 106 88 NewtonCotes 1 5 -mass 1250
geomTransf Linear 89 1 0 0
element forceBeamColumn 89 106 107 89 NewtonCotes 1 5 -mass 1250
geomTransf Linear 90 1 0 0
element forceBeamColumn 90 107 108 90 NewtonCotes 1 5 -mass 1250
geomTransf Linear 91 1 0 0
element forceBeamColumn 91 109 110 91 NewtonCotes 1 5 -mass 1250
geomTransf Linear 92 1 0 0
element forceBeamColumn 92 110 111 92 NewtonCotes 1 5 -mass 1250
geomTransf Linear 93 1 0 0
element forceBeamColumn 93 111 112 93 NewtonCotes 1 5 -mass 1250
geomTransf Linear 94 1 0 0
element forceBeamColumn 94 112 113 94 NewtonCotes 1 5 -mass 1250
geomTransf Linear 95 1 0 0
element forceBeamColumn 95 113 114 95 NewtonCotes 1 5 -mass 1250
geomTransf Linear 96 1 0 0
element forceBeamColumn 96 115 116 96 NewtonCotes 1 5 -mass 1250
geomTransf Linear 97 1 0 0
element forceBeamColumn 97 116 117 97 NewtonCotes 1 5 -mass 1250
geomTransf Linear 98 1 0 0
element forceBeamColumn 98 117 118 98 NewtonCotes 1 5 -mass 1250
geomTransf Linear 99 1 0 0
element forceBeamColumn 99 118 119 99 NewtonCotes 1 5 -mass 1250
geomTransf Linear 100 1 0 0
element forceBeamColumn 100 119 120 100 NewtonCotes 1 5 -mass 1250
geomTransf Linear 101 1 0 0
element forceBeamColumn 101 121 122 101 NewtonCotes 1 5 -mass 1250
geomTransf Linear 102 1 0 0
element forceBeamColumn 102 122 123 102 NewtonCotes 1 5 -mass 1250
geomTransf Linear 103 1 0 0
element forceBeamColumn 103 123 124 103 NewtonCotes 1 5 -mass 1250
geomTransf Linear 104 1 0 0
element forceBeamColumn 104 124 125 104 NewtonCotes 1 5 -mass 1250
geomTransf Linear 105 1 0 0
element forceBeamColumn 105 125 126 105 NewtonCotes 1 5 -mass 1250
geomTransf Linear 106 1 0 0
element forceBeamColumn 106 127 128 106 NewtonCotes 1 5 -mass 1250
geomTransf Linear 107 1 0 0
element forceBeamColumn 107 128 129 107 NewtonCotes 1 5 -mass 1250
geomTransf Linear 108 1 0 0
element forceBeamColumn 108 129 130 108 NewtonCotes 1 5 -mass 1250
geomTransf Linear 109 1 0 0
element forceBeamColumn 109 130 131 109 NewtonCotes 1 5 -mass 1250
geomTransf Linear 110 1 0 0
element forceBeamColumn 110 131 132 110 NewtonCotes 1 5 -mass 1250
geomTransf Linear 111 1 0 0
element forceBeamColumn 111 133 134 111 NewtonCotes 1 5 -mass 1250
geomTransf Linear 112 1 0 0
element forceBeamColumn 112 134 135 112 NewtonCotes 1 5 -mass 1250
geomTransf Linear 113 1 0 0
element forceBeamColumn 113 135 136 113 NewtonCotes 1 5 -mass 1250
geomTransf Linear 114 1 0 0
element forceBeamColumn 114 136 137 114 NewtonCotes 1 5 -mass 1250
geomTransf Linear 115 1 0 0
element forceBeamColumn 115 137 138 115 NewtonCotes 1 5 -mass 1250
geomTransf Linear 116 1 0 0
element forceBeamColumn 116 139 140 116 NewtonCotes 1 5 -mass 1250
geomTransf Linear 117 1 0 0
element forceBeamColumn 117 140 141 117 NewtonCotes 1 5 -mass 1250
geomTransf Linear 118 1 0 0
element forceBeamColumn 118 141 142 118 NewtonCotes 1 5 -mass 1250
geomTransf Linear 119 1 0 0
element forceBeamColumn 119 142 143 119 NewtonCotes 1 5 -mass 1250
geomTransf Linear 120 1 0 0
element forceBeamColumn 120 143 144 120 NewtonCotes 1 5 -mass 1250
geomTransf Linear 121 1 0 0
element forceBeamColumn 121 145 146 121 NewtonCotes 1 5 -mass 1250
geomTransf Linear 122 1 0 0
element forceBeamColumn 122 146 147 122 NewtonCotes 1 5 -mass 1250
geomTransf Linear 123 1 0 0
element forceBeamColumn 123 147 148 123 NewtonCotes 1 5 -mass 1250
geomTransf Linear 124 1 0 0
element forceBeamColumn 124 148 149 124 NewtonCotes 1 5 -mass 1250
geomTransf Linear 125 1 0 0
element forceBeamColumn 125 149 150 125 NewtonCotes 1 5 -mass 1250
geomTransf Linear 126 1 0 0
element forceBeamColumn 126 151 152 126 NewtonCotes 1 5 -mass 1250
geomTransf Linear 127 1 0 0
element forceBeamColumn 127 152 153 127 NewtonCotes 1 5 -mass 1250
geomTransf Linear 128 1 0 0
element forceBeamColumn 128 153 154 128 NewtonCotes 1 5 -mass 1250
geomTransf Linear 129 1 0 0
element forceBeamColumn 129 154 155 129 NewtonCotes 1 5 -mass 1250
geomTransf Linear 130 1 0 0
element forceBeamColumn 130 155 156 130 NewtonCotes 1 5 -mass 1250
geomTransf Linear 131 1 0 0
element forceBeamColumn 131 157 158 131 NewtonCotes 1 5 -mass 1250
geomTransf Linear 132 1 0 0
element forceBeamColumn 132 158 159 132 NewtonCotes 1 5 -mass 1250
geomTransf Linear 133 1 0 0
element forceBeamColumn 133 159 160 133 NewtonCotes 1 5 -mass 1250
geomTransf Linear 134 1 0 0
element forceBeamColumn 134 160 161 134 NewtonCotes 1 5 -mass 1250
geomTransf Linear 135 1 0 0
element forceBeamColumn 135 161 162 135 NewtonCotes 1 5 -mass 1250
geomTransf Linear 136 1 0 0
element forceBeamColumn 136 163 164 136 NewtonCotes 1 5 -mass 1250
geomTransf Linear 137 1 0 0
element forceBeamColumn 137 164 165 137 NewtonCotes 1 5 -mass 1250
geomTransf Linear 138 1 0 0
element forceBeamColumn 138 165 166 138 NewtonCotes 1 5 -mass 1250
geomTransf Linear 139 1 0 0
element forceBeamColumn 139 166 167 139 NewtonCotes 1 5 -mass 1250
geomTransf Linear 140 1 0 0
element forceBeamColumn 140 167 168 140 NewtonCotes 1 5 -mass 1250
geomTransf Linear 141 1 0 0
element forceBeamColumn 141 169 170 141 NewtonCotes 1 5 -mass 1250
geomTransf Linear 142 1 0 0
element forceBeamColumn 142 170 171 142 NewtonCotes 1 5 -mass 1250
geomTransf Linear 143 1 0 0
element forceBeamColumn 143 171 172 143 NewtonCotes 1 5 -mass 1250
geomTransf Linear 144 1 0 0
element forceBeamColumn 144 172 173 144 NewtonCotes 1 5 -mass 1250
geomTransf Linear 145 1 0 0
element forceBeamColumn 145 173 174 145 NewtonCotes 1 5 -mass 1250
geomTransf Linear 146 1 0 0
element forceBeamColumn 146 175 176 146 NewtonCotes 1 5 -mass 1250
geomTransf Linear 147 1 0 0
element forceBeamColumn 147 176 177 147 NewtonCotes 1 5 -mass 1250
geomTransf Linear 148 1 0 0
element forceBeamColumn 148 177 178 148 NewtonCotes 1 5 -mass 1250
geomTransf Linear 149 1 0 0
element forceBeamColumn 149 178 179 149 NewtonCotes 1 5 -mass 1250
geomTransf Linear 150 1 0 0
element forceBeamColumn 150 179 180 150 NewtonCotes 1 5 -mass 1250
geomTransf Linear 151 1 0 0
element forceBeamColumn 151 181 182 151 NewtonCotes 1 5 -mass 1250
geomTransf Linear 152 1 0 0
element forceBeamColumn 152 182 183 152 NewtonCotes 1 5 -mass 1250
geomTransf Linear 153 1 0 0
element forceBeamColumn 153 183 184 153 NewtonCotes 1 5 -mass 1250
geomTransf Linear 154 1 0 0
element forceBeamColumn 154 184 185 154 NewtonCotes 1 5 -mass 1250
geomTransf Linear 155 1 0 0
element forceBeamColumn 155 185 186 155 NewtonCotes 1 5 -mass 1250
geomTransf Linear 156 1 0 0
element forceBeamColumn 156 187 188 156 NewtonCotes 1 5 -mass 1250
geomTransf Linear 157 1 0 0
element forceBeamColumn 157 188 189 157 NewtonCotes 1 5 -mass 1250
geomTransf Linear 158 1 0 0
element forceBeamColumn 158 189 190 158 NewtonCotes 1 5 -mass 1250
geomTransf Linear 159 1 0 0
element forceBeamColumn 159 190 191 159 NewtonCotes 1 5 -mass 1250
geomTransf Linear 160 1 0 0
element forceBeamColumn 160 191 192 160 NewtonCotes 1 5 -mass 1250
geomTransf Linear 161 1 0 0
element forceBeamColumn 161 193 194 161 NewtonCotes 1 5 -mass 1250
geomTransf Linear 162 1 0 0
element forceBeamColumn 162 194 195 162 NewtonCotes 1 5 -mass 1250
geomTransf Linear 163 1 0 0
element forceBeamColumn 163 195 196 163 NewtonCotes 1 5 -mass 1250
geomTransf Linear 164 1 0 0
element forceBeamColumn 164 196 197 164 NewtonCotes 1 5 -mass 1250
geomTransf Linear 165 1 0 0
element forceBeamColumn 165 197 198 165 NewtonCotes 1 5 -mass 1250
geomTransf Linear 166 1 0 0
element forceBeamColumn 166 199 200 166 NewtonCotes 1 5 -mass 1250
geomTransf Linear 167 1 0 0
element forceBeamColumn 167 200 201 167 NewtonCotes 1 5 -mass 1250
geomTransf Linear 168 1 0 0
element forceBeamColumn 168 201 202 168 NewtonCotes 1 5 -mass 1250
geomTransf Linear 169 1 0 0
element forceBeamColumn 169 202 203 169 NewtonCotes 1 5 -mass 1250
geomTransf Linear 170 1 0 0
element forceBeamColumn 170 203 204 170 NewtonCotes 1 5 -mass 1250
geomTransf Linear 171 1 0 0
element forceBeamColumn 171 205 206 171 NewtonCotes 1 5 -mass 1250
geomTransf Linear 172 1 0 0
element forceBeamColumn 172 206 207 172 NewtonCotes 1 5 -mass 1250
geomTransf Linear 173 1 0 0
element forceBeamColumn 173 207 208 173 NewtonCotes 1 5 -mass 1250
geomTransf Linear 174 1 0 0
element forceBeamColumn 174 208 209 174 NewtonCotes 1 5 -mass 1250
geomTransf Linear 175 1 0 0
element forceBeamColumn 175 209 210 175 NewtonCotes 1 5 -mass 1250
geomTransf Linear 176 1 0 0
element forceBeamColumn 176 211 212 176 NewtonCotes 1 5 -mass 1250
geomTransf Linear 177 1 0 0
element forceBeamColumn 177 212 213 177 NewtonCotes 1 5 -mass 1250
geomTransf Linear 178 1 0 0
element forceBeamColumn 178 213 214 178 NewtonCotes 1 5 -mass 1250
geomTransf Linear 179 1 0 0
element forceBeamColumn 179 214 215 179 NewtonCotes 1 5 -mass 1250
geomTransf Linear 180 1 0 0
element forceBeamColumn 180 215 216 180 NewtonCotes 1 5 -mass 1250
geomTransf Linear 181 1 0 0
element forceBeamColumn 181 217 218 181 NewtonCotes 1 5 -mass 1250
geomTransf Linear 182 1 0 0
element forceBeamColumn 182 218 219 182 NewtonCotes 1 5 -mass 1250
geomTransf Linear 183 1 0 0
element forceBeamColumn 183 219 220 183 NewtonCotes 1 5 -mass 1250
geomTransf Linear 184 1 0 0
element forceBeamColumn 184 220 221 184 NewtonCotes 1 5 -mass 1250
geomTransf Linear 185 1 0 0
element forceBeamColumn 185 221 222 185 NewtonCotes 1 5 -mass 1250
geomTransf Linear 186 1 0 0
element forceBeamColumn 186 223 224 186 NewtonCotes 1 5 -mass 1250
geomTransf Linear 187 1 0 0
element forceBeamColumn 187 224 225 187 NewtonCotes 1 5 -mass 1250
geomTransf Linear 188 1 0 0
element forceBeamColumn 188 225 226 188 NewtonCotes 1 5 -mass 1250
geomTransf Linear 189 1 0 0
element forceBeamColumn 189 226 227 189 NewtonCotes 1 5 -mass 1250
geomTransf Linear 190 1 0 0
element forceBeamColumn 190 227 228 190 NewtonCotes 1 5 -mass 1250
geomTransf Linear 191 1 0 0
element forceBeamColumn 191 229 230 191 NewtonCotes 1 5 -mass 1250
geomTransf Linear 192 1 0 0
element forceBeamColumn 192 230 231 192 NewtonCotes 1 5 -mass 1250
geomTransf Linear 193 1 0 0
element forceBeamColumn 193 231 232 193 NewtonCotes 1 5 -mass 1250
geomTransf Linear 194 1 0 0
element forceBeamColumn 194 232 233 194 NewtonCotes 1 5 -mass 1250
geomTransf Linear 195 1 0 0
element forceBeamColumn 195 233 234 195 NewtonCotes 1 5 -mass 1250
geomTransf Linear 196 1 0 0
element forceBeamColumn 196 235 236 196 NewtonCotes 1 5 -mass 1250
geomTransf Linear 197 1 0 0
element forceBeamColumn 197 236 237 197 NewtonCotes 1 5 -mass 1250
geomTransf Linear 198 1 0 0
element forceBeamColumn 198 237 238 198 NewtonCotes 1 5 -mass 1250
geomTransf Linear 199 1 0 0
element forceBeamColumn 199 238 239 199 NewtonCotes 1 5 -mass 1250
geomTransf Linear 200 1 0 0
element forceBeamColumn 200 239 240 200 NewtonCotes 1 5 -mass 1250
geomTransf Linear 201 1 0 0
element forceBeamColumn 201 241 242 201 NewtonCotes 1 5 -mass 1250
geomTransf Linear 202 1 0 0
element forceBeamColumn 202 242 243 202 NewtonCotes 1 5 -mass 1250
geomTransf Linear 203 1 0 0
element forceBeamColumn 203 243 244 203 NewtonCotes 1 5 -mass 1250
geomTransf Linear 204 1 0 0
element forceBeamColumn 204 244 245 204 NewtonCotes 1 5 -mass 1250
geomTransf Linear 205 1 0 0
element forceBeamColumn 205 245 246 205 NewtonCotes 1 5 -mass 1250
geomTransf Linear 206 1 0 0
element forceBeamColumn 206 247 248 206 NewtonCotes 1 5 -mass 1250
geomTransf Linear 207 1 0 0
element forceBeamColumn 207 248 249 207 NewtonCotes 1 5 -mass 1250
geomTransf Linear 208 1 0 0
element forceBeamColumn 208 249 250 208 NewtonCotes 1 5 -mass 1250
geomTransf Linear 209 1 0 0
element forceBeamColumn 209 250 251 209 NewtonCotes 1 5 -mass 1250
geomTransf Linear 210 1 0 0
element forceBeamColumn 210 251 252 210 NewtonCotes 1 5 -mass 1250
geomTransf Linear 211 1 0 0
element forceBeamColumn 211 253 254 211 NewtonCotes 1 5 -mass 1250
geomTransf Linear 212 1 0 0
element forceBeamColumn 212 254 255 212 NewtonCotes 1 5 -mass 1250
geomTransf Linear 213 1 0 0
element forceBeamColumn 213 255 256 213 NewtonCotes 1 5 -mass 1250
geomTransf Linear 214 1 0 0
element forceBeamColumn 214 256 257 214 NewtonCotes 1 5 -mass 1250
geomTransf Linear 215 1 0 0
element forceBeamColumn 215 257 258 215 NewtonCotes 1 5 -mass 1250
geomTransf Linear 216 1 0 0
element forceBeamColumn 216 259 260 216 NewtonCotes 1 5 -mass 1250
geomTransf Linear 217 1 0 0
element forceBeamColumn 217 260 261 217 NewtonCotes 1 5 -mass 1250
geomTransf Linear 218 1 0 0
element forceBeamColumn 218 261 262 218 NewtonCotes 1 5 -mass 1250
geomTransf Linear 219 1 0 0
element forceBeamColumn 219 262 263 219 NewtonCotes 1 5 -mass 1250
geomTransf Linear 220 1 0 0
element forceBeamColumn 220 263 264 220 NewtonCotes 1 5 -mass 1250
geomTransf Linear 221 1 0 0
element forceBeamColumn 221 265 266 221 NewtonCotes 1 5 -mass 1250
geomTransf Linear 222 1 0 0
element forceBeamColumn 222 266 267 222 NewtonCotes 1 5 -mass 1250
geomTransf Linear 223 1 0 0
element forceBeamColumn 223 267 268 223 NewtonCotes 1 5 -mass 1250
geomTransf Linear 224 1 0 0
element forceBeamColumn 224 268 269 224 NewtonCotes 1 5 -mass 1250
geomTransf Linear 225 1 0 0
element forceBeamColumn 225 269 270 225 NewtonCotes 1 5 -mass 1250
geomTransf Linear 226 1 0 0
element forceBeamColumn 226 271 272 226 NewtonCotes 1 5 -mass 1250
geomTransf Linear 227 1 0 0
element forceBeamColumn 227 272 273 227 NewtonCotes 1 5 -mass 1250
geomTransf Linear 228 1 0 0
element forceBeamColumn 228 273 274 228 NewtonCotes 1 5 -mass 1250
geomTransf Linear 229 1 0 0
element forceBeamColumn 229 274 275 229 NewtonCotes 1 5 -mass 1250
geomTransf Linear 230 1 0 0
element forceBeamColumn 230 275 276 230 NewtonCotes 1 5 -mass 1250
geomTransf Linear 231 1 0 0
element forceBeamColumn 231 277 278 231 NewtonCotes 1 5 -mass 1250
geomTransf Linear 232 1 0 0
element forceBeamColumn 232 278 279 232 NewtonCotes 1 5 -mass 1250
geomTransf Linear 233 1 0 0
element forceBeamColumn 233 279 280 233 NewtonCotes 1 5 -mass 1250
geomTransf Linear 234 1 0 0
element forceBeamColumn 234 280 281 234 NewtonCotes 1 5 -mass 1250
geomTransf Linear 235 1 0 0
element forceBeamColumn 235 281 282 235 NewtonCotes 1 5 -mass 1250
geomTransf Linear 236 1 0 0
element forceBeamColumn 236 283 284 236 NewtonCotes 1 5 -mass 1250
geomTransf Linear 237 1 0 0
element forceBeamColumn 237 284 285 237 NewtonCotes 1 5 -mass 1250
geomTransf Linear 238 1 0 0
element forceBeamColumn 238 285 286 238 NewtonCotes 1 5 -mass 1250
geomTransf Linear 239 1 0 0
element forceBeamColumn 239 286 287 239 NewtonCotes 1 5 -mass 1250
geomTransf Linear 240 1 0 0
element forceBeamColumn 240 287 288 240 NewtonCotes 1 5 -mass 1250
geomTransf Linear 241 1 0 0
element forceBeamColumn 241 289 290 241 NewtonCotes 1 5 -mass 1250
geomTransf Linear 242 1 0 0
element forceBeamColumn 242 290 291 242 NewtonCotes 1 5 -mass 1250
geomTransf Linear 243 1 0 0
element forceBeamColumn 243 291 292 243 NewtonCotes 1 5 -mass 1250
geomTransf Linear 244 1 0 0
element forceBeamColumn 244 292 293 244 NewtonCotes 1 5 -mass 1250
geomTransf Linear 245 1 0 0
element forceBeamColumn 245 293 294 245 NewtonCotes 1 5 -mass 1250
geomTransf Linear 246 1 0 0
element forceBeamColumn 246 295 296 246 NewtonCotes 1 5 -mass 1250
geomTransf Linear 247 1 0 0
element forceBeamColumn 247 296 297 247 NewtonCotes 1 5 -mass 1250
geomTransf Linear 248 1 0 0
element forceBeamColumn 248 297 298 248 NewtonCotes 1 5 -mass 1250
geomTransf Linear 249 1 0 0
element forceBeamColumn 249 298 299 249 NewtonCotes 1 5 -mass 1250
geomTransf Linear 250 1 0 0
element forceBeamColumn 250 299 300 250 NewtonCotes 1 5 -mass 1250
timeSeries Path 1 -time {0 0.1 0.15 3} -values {0 1 0 0} -factor 1 -useLast
pattern Plain 1 1 {
	load 6 0 1000000 0 0 0 0
	load 12 0 1000000 0 0 0 0
	load 18 0 1000000 0 0 0 0
	load 24 0 1000000 0 0 0 0
	load 30 0 1000000 0 0 0 0
	load 36 0 1000000 0 0 0 0
	load 42 0 1000000 0 0 0 0
	load 48 0 1000000 0 0 0 0
	load 54 0 1000000 0 0 0 0
	load 60 0 1000000 0 0 0 0
	load 66 0 1000000 0 0 0 0
	load 72 0 1000000 0 0 0 0
	load 78 0 1000000 0 0 0 0
	load 84 0 1000000 0 0 0 0
	load 90 0 1000000 0 0 0 0
	load 96 0 1000000 0 0 0 0
	load 102 0 1000000 0 0 0 0
	load 108 0 1000000 0 0 0 0
	load 114 0 1000000 0 0 0 0
	load 120 0 1000000 0 0 0 0
	load 126 0 1000000 0 0 0 0
	load 132 0 1000000 0 0 0 0
	load 138 0 1000000 0 0 0 0
	load 144 0 1000000 0 0 0 0
	load 150 0 1000000 0 0 0 0
	load 156 0 1000000 0 0 0 0
	load 162 0 1000000 0 0 0 0
	load 168 0 1000000 0 0 0 0
	load 174 0 1000000 0 0 0 0
	load 180 0 1000000 0 0 0 0
	load 186 0 1000000 0 0 0 0
	load 192 0 1000000 0 0 0 0
	load 198 0 1000000 0 0 0 0
	load 204 0 1000000 0 0 0 0
	load 210 0 1000000 0 0 0 0
	load 216 0 1000000 0 0 0 0
	load 222 0 1000000 0 0 0 0
	load 228 0 1000000 0 0 0 0
	load 234 0 1000000 0 0 0 0
	load 240 0 1000000 0 0 0 0
	load 246 0 1000000 0 0 0 0
	load 252 0 1000000 0 0 0 0
	load 258 0 1000000 0 0 0 0
	load 264 0 1000000 0 0 0 0
	load 270 0 1000000 0 0 0 0
	load 276 0 1000000 0 0 0 0
	load 282 0 1000000 0 0 0 0
	load 288 0 1000000 0 0 0 0
	load 294 0 1000000 0 0 0 0
	load 300 0 1000000 0 0 0 0
}
recorder mpco recorder.mpco -N  displacement rotation velocity acceleration reactionForce reactionMoment -E  force stresses section.force
rayleigh 0 0.001 0 0
constraints Transformation
numberer RCM
system BandGen
test EnergyIncr 1E-08 10 0 2 
algorithm ModifiedNewton
integrator Newmark 0.5 0.25
analysis Transient
analyze 1000 0.005   wipe